0 -0.878859 5207.3
1 -0.77471 17463.1
2 -0.718959 29983.2
3 -0.685263 42028.1
4 -0.655291 52265.4
5 -0.632539 62411.9
6 -0.610937 72133.5
7 -0.593054 81727
8 -0.575956 91306.8
9 -0.560713 100564
10 -0.545727 110215
11 -0.532728 119105
12 -0.519834 128649
13 -0.50868 137086
14 -0.497061 146579
15 -0.486815 154588
16 -0.476242 163880
17 -0.466971 171686
18 -0.456991 179995
19 -0.4479 187466
20 -0.438545 195092
21 -0.429566 202199
22 -0.420788 209077
23 -0.411832 215797
24 -0.403455 222001
25 -0.394541 228492
26 -0.386573 234175
27 -0.377815 240522
28 -0.370243 245727
29 -0.361802 251997
30 -0.354615 256831
31 -0.346658 263145
32 -0.339815 267712
33 -0.3323 274024
34 -0.325719 279042
35 -0.318483 284505
36 -0.311889 289615
37 -0.305169 294842
38 -0.298626 300107
39 -0.292337 305169
40 -0.285892 310620
41 -0.279974 315513
42 -0.273567 321080
43 -0.268042 325789
44 -0.261886 331508
45 -0.256567 336095
46 -0.250684 342010
47 -0.245614 346431
48 -0.239982 352342
49 -0.235043 356342
50 -0.229644 361600
51 -0.225074 365256
52 -0.219709 369884
53 -0.215062 373355
54 -0.209985 377618
55 -0.205307 380980
56 -0.200585 385012
57 -0.195957 388587
58 -0.191601 392483
59 -0.187161 396236
60 -0.183088 399926
61 -0.178815 403788
62 -0.175006 407248
63 -0.170854 411180
64 -0.167219 414417
65 -0.163328 418477
66 -0.160364 421123
67 -0.156258 425511
68 -0.153244 428162
69 -0.149372 432340
70 -0.14632 435147
71 -0.142838 439146
72 -0.139855 442114
73 -0.136609 445892
74 -0.133687 448938
75 -0.130759 452409
76 -0.127845 455532
77 -0.125094 458716
78 -0.12233 461929
79 -0.119811 464711
80 -0.117202 467868
81 -0.114942 470313
82 -0.112518 473586
83 -0.11093 475366
84 -0.108248 478911
85 -0.106569 480677
86 -0.104129 483781
87 -0.102429 485363
88 -0.100257 487943
89 -0.0985254 489422
90 -0.0965596 491618
91 -0.094943 493096
92 -0.0932775 494906
93 -0.0916839 496360
94 -0.090102 498031
95 -0.0885704 499735
96 -0.0870867 501318
97 -0.0856378 503256
98 -0.0842764 504774
99 -0.082948 506924
100 -0.082021 507768
101 -0.0803523 510191
102 -0.0793643 511156
103 -0.0777867 513379
104 -0.0768038 514474
105 -0.0753862 516478
106 -0.0742827 517677
107 -0.072978 519434
108 -0.0718795 520707
109 -0.0707033 522230
110 -0.0696245 523616
111 -0.0685177 524968
112 -0.0674862 526492
113 -0.0664668 527682
114 -0.0654839 529341
115 -0.0644483 530397
116 -0.0635422 532240
117 -0.0629032 532998
118 -0.0617768 535177
119 -0.060961 536206
120 -0.0599664 538327
121 -0.0591736 539575
122 -0.0581796 541561
123 -0.0573966 542916
124 -0.0564951 544721
125 -0.0556919 546204
126 -0.0549397 547867
127 -0.0541321 549516
128 -0.0534464 551028
129 -0.0526521 552837
130 -0.0519674 554240
131 -0.0512557 556238
132 -0.0505967 557435
133 -0.0500667 559330
134 -0.0496066 560002
135 -0.0488771 561874
136 -0.0484277 562571
137 -0.0477498 564188
138 -0.0472312 564918
139 -0.0466869 566284
140 -0.0460971 567067
141 -0.0457286 568253
142 -0.0451974 569137
143 -0.0448196 570123
144 -0.0442684 571068
145 -0.0439081 571853
146 -0.043478 572836
147 -0.0431965 573385
148 -0.0427425 574434
149 -0.0423967 574698
150 -0.0420555 575686
151 -0.0418229 575507
152 -0.0414818 576503
153 -0.0411916 576407
154 -0.0409103 577317
155 -0.0405094 577503
156 -0.0402962 578330
157 -0.0398858 578694
158 -0.0396615 579439
159 -0.0392203 580027
160 -0.0390818 580619
161 -0.0386683 581356
162 -0.0385386 581752
163 -0.0380863 582574
164 -0.0378286 582664
165 -0.0374712 583511
166 -0.0372933 583144
167 -0.0370042 584027
168 -0.0367676 583592
169 -0.0365586 584238
170 -0.0362585 583905
171 -0.0361873 584328
172 -0.0358847 584044
173 -0.0358118 584197
174 -0.0354788 583937
175 -0.0355659 583904
176 -0.0352679 583687
177 -0.035293 583374
178 -0.0350659 583280
179 -0.0350687 582900
180 -0.0349672 582941
