0 -0.204267 866210
0.1 -0.206419 862991
0.2 -0.212882 864461
0.3 -0.219782 876034
0.4 -0.197716 904517
0.5 -0.157019 928782
0.6 -0.117337 944446
0.7 -0.0826248 953952
0.8 -0.0486717 959534
0.9 -0.0221183 963091
1 -0.0100465 963263
1.1 -0.010858 962221
1.2 -0.0097724 958285
1.3 -0.012228 953072
1.4 -0.013107 964907
1.5 -0.0198515 1.0657e+06
1.6 -0.0251653 1.06038e+06
1.7 -0.0247661 1.05504e+06
1.8 -0.030509 1.0512e+06
1.9 -0.0306454 1.05105e+06
2 -0.0316478 1.0492e+06
2.1 -0.0317439 1.04909e+06
2.2 -0.0318197 1.04896e+06
2.3 -0.0318422 1.04882e+06
2.4 -0.0318066 1.04866e+06
2.5 -0.031751 1.0485e+06
2.6 -0.031751 1.04832e+06
2.7 -0.0318953 1.04813e+06
2.8 -0.0383843 1.04767e+06
2.9 -0.0383843 1.04767e+06
3 -0.0383843 1.04767e+06
3.1 -0.0383843 1.04767e+06
3.2 -0.0383843 1.04767e+06
3.3 -0.0383843 1.04767e+06
3.4 -0.0333402 1.04745e+06
3.5 -0.0333402 1.04745e+06
3.6 -0.0333402 1.04745e+06
3.7 -0.0333402 1.04745e+06
3.8 -0.0333402 1.04745e+06
3.9 -0.0333402 1.04745e+06
4 -0.0333402 1.04745e+06
4.1 -0.0239037 1.04688e+06
4.2 -0.0258968 1.04694e+06
4.3 -0.0211662 1.04669e+06
4.4 -0.0192292 1.04693e+06
4.5 -0.0124142 1.04789e+06
4.6 -0.0524693 1.19428e+06
4.7 -0.0758837 1.28781e+06
4.8 -0.0776313 1.31168e+06
4.9 -0.0720448 1.31498e+06
5 -0.0656317 1.31605e+06
5.1 -0.0554924 1.31773e+06
5.2 -0.0444373 1.31955e+06
5.3 -0.0349192 1.32096e+06
5.4 -0.0526421 1.30897e+06
5.5 -0.107896 1.25228e+06
5.6 -0.162755 1.17885e+06
5.7 -0.198429 1.09869e+06
5.8 -0.196644 1.02117e+06
5.9 -0.195998 963485
6 -0.201959 920605
6.1 -0.205141 889409
6.2 -0.204603 874288
6.3 -0.204604 865317
6.4 -0.20758 862961
6.5 -0.215025 864509
6.6 -0.218303 879626
6.7 -0.191726 909603
6.8 -0.15 931617
6.9 -0.111776 945694
7 -0.077338 954966
7.1 -0.0424036 960052
7.2 -0.0177928 963014
7.3 -0.0103734 963913
7.4 -0.00968525 962044
7.5 -0.00977385 956885
7.6 -0.0107529 955617
7.7 -0.0142349 961747
7.8 -0.0246185 1.0653e+06
7.9 -0.0248414 1.05891e+06
8 -0.0288737 1.05319e+06
8.1 -0.030529 1.05118e+06
8.2 -0.0306723 1.05102e+06
8.3 -0.0316639 1.04918e+06
8.4 -0.031759 1.04907e+06
8.5 -0.0318279 1.04894e+06
8.6 -0.0318397 1.04879e+06
8.7 -0.0317971 1.04864e+06
8.8 -0.0317447 1.04847e+06
8.9 -0.0317629 1.04829e+06
9 -0.0319399 1.0481e+06
9.1 -0.0383843 1.04767e+06
9.2 -0.0383843 1.04767e+06
9.3 -0.0383843 1.04767e+06
9.4 -0.0383843 1.04767e+06
9.5 -0.0383843 1.04767e+06
9.6 -0.0383843 1.04767e+06
9.7 -0.0333402 1.04745e+06
9.8 -0.0333402 1.04745e+06
9.9 -0.0333402 1.04745e+06
10 -0.0333402 1.04745e+06
10.1 -0.0333402 1.04745e+06
10.2 -0.0333402 1.04745e+06
10.3 -0.0333402 1.04745e+06
10.4 -0.026046 1.04695e+06
10.5 -0.0258723 1.04694e+06
10.6 -0.0211252 1.04669e+06
10.7 -0.0191944 1.04694e+06
10.8 -0.0130919 1.04849e+06
10.9 -0.0584315 1.22151e+06
11 -0.0779704 1.29416e+06
11.1 -0.0766217 1.31292e+06
11.2 -0.0712011 1.31599e+06
11.3 -0.0639527 1.31625e+06
11.4 -0.0535898 1.3179e+06
11.5 -0.0426515 1.31981e+06
11.6 -0.0336849 1.32126e+06
11.7 -0.0606297 1.30164e+06
11.8 -0.118441 1.24027e+06
11.9 -0.170373 1.16624e+06
12 -0.200488 1.08478e+06
12.1 -0.195467 1.0102e+06
12.2 -0.196772 955426
12.3 -0.203207 914626
12.4 -0.203313 885409
12.5 -0.203481 871514
12.6 -0.204781 864451
12.7 -0.208676 863165
12.8 -0.216838 865608
12.9 -0.216139 884145
13 -0.18503 914372
13.1 -0.143213 934894
13.2 -0.105852 947398
13.3 -0.0719313 956193
13.4 -0.0369858 960813
13.5 -0.0156442 963219
13.6 -0.0102557 962976
13.7 -0.0102826 961220
13.8 -0.011245 956498
13.9 -0.0102255 953657
14 -0.0162089 968787
14.1 -0.022281 1.06441e+06
14.2 -0.0263477 1.057e+06
14.3 -0.0288782 1.05316e+06
14.4 -0.0305502 1.05115e+06
14.5 -0.0307003 1.05099e+06
14.6 -0.0316802 1.04917e+06
14.7 -0.0317735 1.04905e+06
14.8 -0.0318344 1.04892e+06
14.9 -0.0318356 1.04877e+06
15 -0.0317872 1.04861e+06
15.1 -0.0317403 1.04844e+06
15.2 -0.0317792 1.04826e+06
15.3 -0.0319915 1.04807e+06
15.4 -0.0383843 1.04767e+06
15.5 -0.0383843 1.04767e+06
15.6 -0.0383843 1.04767e+06
15.7 -0.0383843 1.04767e+06
15.8 -0.0383843 1.04767e+06
15.9 -0.0383843 1.04767e+06
16 -0.0333402 1.04745e+06
16.1 -0.0333402 1.04745e+06
16.2 -0.0333402 1.04745e+06
16.3 -0.0333402 1.04745e+06
16.4 -0.0333402 1.04745e+06
16.5 -0.0333402 1.04745e+06
16.6 -0.0333402 1.04745e+06
16.7 -0.0260134 1.04695e+06
16.8 -0.0258492 1.04694e+06
16.9 -0.0210736 1.04669e+06
17 -0.0180379 1.04671e+06
17.1 -0.0120987 1.04937e+06
17.2 -0.0656101 1.24876e+06
17.3 -0.0792293 1.29873e+06
17.4 -0.0755385 1.31351e+06
17.5 -0.0702806 1.31588e+06
17.6 -0.0623257 1.31656e+06
17.7 -0.0518683 1.31793e+06
17.8 -0.0407958 1.3202e+06
17.9 -0.0327407 1.32147e+06
18 -0.0694144 1.29321e+06
18.1 -0.128555 1.22773e+06
18.2 -0.177585 1.15347e+06
18.3 -0.200593 1.07124e+06
18.4 -0.195404 999670
18.5 -0.197501 947774
18.6 -0.20427 908963
18.7 -0.2013 882477
18.8 -0.203806 869852
18.9 -0.205147 863927
19 -0.209759 863618
19.1 -0.218605 867157
19.2 -0.212683 889034
19.3 -0.17744 918880
19.4 -0.136449 937603
19.5 -0.0996665 948902
19.6 -0.0666642 957179
19.7 -0.033321 961549
19.8 -0.0124706 963464
19.9 -0.0102957 962949
20 -0.0108027 959563
