0 -0.836004 7658.56
1 -0.734911 24484.5
2 -0.678629 39960.5
3 -0.642114 54923
4 -0.608892 67621.3
5 -0.584727 80152.1
6 -0.560109 92168.1
7 -0.540617 104435
8 -0.520217 116766
9 -0.504258 128610
10 -0.486887 141082
11 -0.472982 152441
12 -0.457307 164501
13 -0.444597 174518
14 -0.429959 185742
15 -0.417839 194624
16 -0.404242 205322
17 -0.392939 213731
18 -0.380342 222957
19 -0.36928 230778
20 -0.357658 238987
21 -0.346785 246501
22 -0.336112 254089
23 -0.325348 261626
24 -0.315525 268754
25 -0.304991 276349
26 -0.2958 283020
27 -0.285358 290680
28 -0.276884 296886
29 -0.266885 304630
30 -0.25898 310434
31 -0.249414 318328
32 -0.241867 323756
33 -0.232914 331670
34 -0.225676 337693
35 -0.217424 344643
36 -0.210283 350944
37 -0.202687 357666
38 -0.195591 364286
39 -0.188691 370786
40 -0.181582 377680
41 -0.175242 383892
42 -0.168152 391029
43 -0.162321 396916
44 -0.155321 404264
45 -0.150029 409839
46 -0.143276 417492
47 -0.13845 422861
48 -0.131982 430881
49 -0.127367 436049
50 -0.121337 444172
51 -0.116764 450409
52 -0.111341 457299
53 -0.106745 463895
54 -0.101825 470635
55 -0.0972632 477671
56 -0.0928565 484273
57 -0.0883924 491696
58 -0.0845429 498053
59 -0.0801879 505764
60 -0.0768167 511810
61 -0.0725077 519812
62 -0.069511 525616
63 -0.0653319 534046
64 -0.0628204 539715
65 -0.0588623 548587
66 -0.0565589 555406
67 -0.0529808 562944
68 -0.0508272 569931
69 -0.0477128 577220
70 -0.0455936 584574
71 -0.0430094 591674
72 -0.0410374 599489
73 -0.0388661 606463
74 -0.0369012 614744
75 -0.0352006 621515
76 -0.033321 630163
77 -0.0321665 636656
78 -0.0303452 645647
79 -0.0296808 651815
80 -0.0279648 661000
81 -0.0278058 666669
82 -0.0262405 676029
83 -0.0265114 683082
84 -0.0252438 690409
85 -0.0256079 697557
86 -0.0247143 704387
87 -0.02512 711377
88 -0.0247614 716988
89 -0.0251649 723176
90 -0.0252195 727587
91 -0.0256955 733570
92 -0.026157 737451
93 -0.0265498 743689
94 -0.0274637 747450
95 -0.027827 754146
96 -0.0290882 757811
97 -0.0294518 764755
98 -0.0310044 768091
99 -0.0314017 774955
100 -0.0333754 779643
101 -0.0338684 784144
102 -0.035898 788711
103 -0.0367003 792706
104 -0.0385651 797167
105 -0.0396003 800773
106 -0.0413669 804780
107 -0.0427125 807456
108 -0.044491 810154
109 -0.0461751 811914
110 -0.0478527 813879
111 -0.0497891 815016
112 -0.0513967 816589
113 -0.0535899 817237
114 -0.055051 819020
115 -0.0574614 819293
116 -0.058805 820980
117 -0.0615203 820805
118 -0.0629092 822168
119 -0.0654609 822027
120 -0.0669916 823070
121 -0.0693609 822948
122 -0.0710059 823663
123 -0.0732999 823712
124 -0.0750871 824203
125 -0.0770494 824384
126 -0.078939 824546
127 -0.0807485 824890
128 -0.0827377 824785
129 -0.0843663 825217
130 -0.0864949 824793
131 -0.0880895 825468
132 -0.0902622 825187
133 -0.0916911 826341
134 -0.0936529 825853
135 -0.0950126 827181
136 -0.0967029 827141
137 -0.0979222 828596
138 -0.0997303 828986
139 -0.101169 830173
140 -0.102721 830465
141 -0.10406 830862
142 -0.105325 830731
143 -0.106383 830229
144 -0.107324 829613
145 -0.108238 828087
146 -0.109114 826908
147 -0.109709 824381
148 -0.110249 822543
149 -0.110286 818742
150 -0.110594 816065
151 -0.110652 811511
152 -0.111075 808332
153 -0.111283 803576
154 -0.111662 799811
155 -0.111751 794931
156 -0.111657 790639
157 -0.111258 785667
158 -0.110739 780838
159 -0.109841 775591
160 -0.109001 770166
161 -0.107933 764765
162 -0.106873 758988
163 -0.105562 753938
164 -0.104056 748180
165 -0.102651 743366
166 -0.100602 736817
167 -0.0991987 732229
168 -0.0969651 725519
169 -0.0954116 720505
170 -0.0931677 713731
171 -0.0916048 708195
172 -0.0893358 700955
173 -0.0876034 694865
174 -0.085248 687676
175 -0.0834026 681394
176 -0.0811267 674597
177 -0.0791473 668139
178 -0.0769811 661434
179 -0.0749041 654646
180 -0.0730225 648025
