0 -0.2255 883217
0.1 -0.241525 896119
0.2 -0.245663 915846
0.3 -0.235429 946396
0.4 -0.208622 996403
0.5 -0.150924 1.06117e+06
0.6 -0.0849481 1.11942e+06
0.7 -0.0235692 1.14824e+06
0.8 -0.0117463 1.13131e+06
0.9 -0.0102568 1.11264e+06
1 -0.00837802 1.10233e+06
1.1 -0.00847683 1.09921e+06
1.2 -0.0106899 1.09786e+06
1.3 -0.0136842 1.09892e+06
1.4 -0.0160402 1.09525e+06
1.5 -0.00895903 1.04199e+06
1.6 -0.0340814 1.00792e+06
1.7 -0.0237027 1.0055e+06
1.8 -0.00430916 1.00419e+06
1.9 -0.0022526 1.00414e+06
2 9.70594e-17 1.00399e+06
2.1 9.70594e-17 1.00399e+06
2.2 9.70594e-17 1.00399e+06
2.3 9.70594e-17 1.00399e+06
2.4 9.70594e-17 1.00399e+06
2.5 9.70594e-17 1.00399e+06
2.6 9.70594e-17 1.00399e+06
2.7 9.70594e-17 1.00399e+06
2.8 -9.7627e-18 1.0041e+06
2.9 -9.7627e-18 1.0041e+06
3 -9.7627e-18 1.0041e+06
3.1 -9.7627e-18 1.0041e+06
3.2 -9.7627e-18 1.0041e+06
3.3 -9.7627e-18 1.0041e+06
3.4 9.70594e-17 1.00399e+06
3.5 9.70594e-17 1.00399e+06
3.6 9.70594e-17 1.00399e+06
3.7 9.70594e-17 1.00399e+06
3.8 9.70594e-17 1.00399e+06
3.9 9.70594e-17 1.00399e+06
4 9.70594e-17 1.00399e+06
4.1 9.70594e-17 1.00399e+06
4.2 -1.06557e-16 1.00397e+06
4.3 -9.80811e-17 1.00394e+06
4.4 -9.59923e-17 1.00392e+06
4.5 1.24872e-17 1.00364e+06
4.6 1.64473e-16 1.00123e+06
4.7 -0.0155988 919902
4.8 -0.0136888 918952
4.9 -0.011361 916022
5 -0.0175285 919876
5.1 -0.0250445 923147
5.2 -0.0307978 921305
5.3 -0.0344535 916733
5.4 -0.0335186 901950
5.5 -0.0325291 876497
5.6 -0.059907 844456
5.7 -0.113431 815495
5.8 -0.146601 799919
5.9 -0.15173 822448
6 -0.166041 845364
6.1 -0.187429 861634
6.2 -0.205121 876009
6.3 -0.231374 885208
6.4 -0.243341 899042
6.5 -0.244933 919984
6.6 -0.232635 953535
6.7 -0.200527 1.00695e+06
6.8 -0.139018 1.07218e+06
6.9 -0.074469 1.12698e+06
7 -0.0175527 1.14873e+06
7.1 -0.0115477 1.12757e+06
7.2 -0.00997605 1.11054e+06
7.3 -0.00839307 1.10158e+06
7.4 -0.00881153 1.09895e+06
7.5 -0.0113 1.09796e+06
7.6 -0.0139183 1.09908e+06
7.7 -0.0160257 1.09254e+06
7.8 -0.0143638 1.03045e+06
7.9 -0.0337551 1.00789e+06
8 -0.0238372 1.00548e+06
8.1 -0.00385124 1.00418e+06
8.2 -0.00215047 1.00414e+06
8.3 9.70594e-17 1.00399e+06
8.4 9.70594e-17 1.00399e+06
8.5 9.70594e-17 1.00399e+06
8.6 9.70594e-17 1.00399e+06
8.7 9.70594e-17 1.00399e+06
8.8 9.70594e-17 1.00399e+06
8.9 9.70594e-17 1.00399e+06
9 9.70594e-17 1.00399e+06
9.1 -9.7627e-18 1.0041e+06
9.2 -9.7627e-18 1.0041e+06
9.3 -9.7627e-18 1.0041e+06
9.4 -9.7627e-18 1.0041e+06
9.5 -9.7627e-18 1.0041e+06
9.6 -9.7627e-18 1.0041e+06
9.7 9.70594e-17 1.00399e+06
9.8 9.70594e-17 1.00399e+06
9.9 9.70594e-17 1.00399e+06
10 9.70594e-17 1.00399e+06
10.1 9.70594e-17 1.00399e+06
10.2 9.70594e-17 1.00399e+06
10.3 9.70594e-17 1.00399e+06
10.4 -1.06557e-16 1.00397e+06
10.5 -1.06557e-16 1.00397e+06
10.6 -9.80811e-17 1.00394e+06
10.7 -9.59923e-17 1.00392e+06
10.8 1.24851e-16 1.00352e+06
10.9 -1.45402e-15 946320
11 -0.0182793 922406
11.1 -0.0128683 917483
11.2 -0.0122637 918338
11.3 -0.0191425 920491
11.4 -0.0258876 923278
11.5 -0.0312604 920921
11.6 -0.0335054 914329
11.7 -0.0336083 898621
11.8 -0.0330027 871651
11.9 -0.0678266 839463
12 -0.121389 810864
12.1 -0.148327 800780
12.2 -0.153138 827376
12.3 -0.169142 848305
12.4 -0.190931 864482
12.5 -0.21013 878475
12.6 -0.234476 887132
12.7 -0.244593 901931
12.8 -0.243897 924278
12.9 -0.229077 961456
13 -0.191928 1.01788e+06
13.1 -0.128008 1.08277e+06
13.2 -0.0631233 1.13382e+06
13.3 -0.0127841 1.14659e+06
13.4 -0.0112968 1.12417e+06
13.5 -0.00966662 1.1082e+06
13.6 -0.00832192 1.10065e+06
13.7 -0.00914252 1.09866e+06
13.8 -0.011805 1.09812e+06
13.9 -0.0142436 1.09916e+06
14 -0.0161875 1.08998e+06
14.1 -0.023254 1.02179e+06
14.2 -0.0335612 1.00786e+06
14.3 -0.00504885 1.00416e+06
14.4 -0.00259833 1.00414e+06
14.5 -0.00204272 1.00414e+06
14.6 9.70594e-17 1.00399e+06
14.7 9.70594e-17 1.00399e+06
14.8 9.70594e-17 1.00399e+06
14.9 9.70594e-17 1.00399e+06
15 9.70594e-17 1.00399e+06
15.1 9.70594e-17 1.00399e+06
15.2 9.70594e-17 1.00399e+06
15.3 9.70594e-17 1.00399e+06
15.4 -9.7627e-18 1.0041e+06
15.5 -9.7627e-18 1.0041e+06
15.6 -9.7627e-18 1.0041e+06
15.7 -9.7627e-18 1.0041e+06
15.8 -9.7627e-18 1.0041e+06
15.9 -9.7627e-18 1.0041e+06
16 9.70594e-17 1.00399e+06
16.1 9.70594e-17 1.00399e+06
16.2 9.70594e-17 1.00399e+06
16.3 9.70594e-17 1.00399e+06
16.4 9.70594e-17 1.00399e+06
16.5 9.70594e-17 1.00399e+06
16.6 9.70594e-17 1.00399e+06
16.7 -1.06557e-16 1.00397e+06
16.8 -1.06557e-16 1.00397e+06
16.9 -9.80811e-17 1.00394e+06
17 6.80362e-17 1.00389e+06
17.1 4.18102e-17 1.00342e+06
17.2 -0.000971755 946454
17.3 -0.0180769 921228
17.4 -0.0121276 918720
17.5 -0.0132868 916859
17.6 -0.0196109 921468
17.7 -0.027153 923103
17.8 -0.0318066 920439
17.9 -0.0339903 912076
18 -0.0331483 894770
18.1 -0.0349467 866547
18.2 -0.0778188 835017
18.3 -0.129061 806485
18.4 -0.149394 803252
18.5 -0.155213 832013
18.6 -0.172518 851125
18.7 -0.193789 867135
18.8 -0.212253 879755
18.9 -0.236665 889184
19 -0.2454 905124
19.1 -0.242343 929020
19.2 -0.225329 969626
19.3 -0.183143 1.02861e+06
19.4 -0.117118 1.09308e+06
19.5 -0.052919 1.13937e+06
19.6 -0.0126111 1.14239e+06
19.7 -0.0111248 1.12104e+06
19.8 -0.00943792 1.10627e+06
19.9 -0.0082469 1.10015e+06
20 -0.00949958 1.09839e+06
