0 -1.02762 1747.25
1 -0.911159 7238.63
2 -0.81289 16286.9
3 -0.707925 28954.5
4 -0.694419 30935.2
5 -0.684699 35754.6
6 -0.66193 44850.6
7 -0.621533 57467.5
8 -0.614561 58966.1
9 -0.612637 62259.8
10 -0.599704 70646.9
11 -0.573574 82449.5
12 -0.569149 83342.6
13 -0.571777 83870.5
14 -0.561942 91508.6
15 -0.541792 102501
16 -0.539715 102785
17 -0.544208 101405
18 -0.535514 108365
19 -0.517638 118659
20 -0.515987 118439
21 -0.522329 115513
22 -0.514332 121905
23 -0.498249 131609
24 -0.496348 130810
25 -0.503845 126574
26 -0.496249 132443
27 -0.481494 141664
28 -0.479845 140434
29 -0.488389 135509
30 -0.481127 141026
31 -0.467165 149945
32 -0.465638 148320
33 -0.474922 142755
34 -0.467794 148022
35 -0.45415 156776
36 -0.45274 154776
37 -0.462749 148470
38 -0.455929 153517
39 -0.442349 162140
40 -0.441179 159808
41 -0.451957 152806
42 -0.445299 157653
43 -0.432101 166154
44 -0.430906 163662
45 -0.442572 156045
46 -0.436324 160818
47 -0.423657 169296
48 -0.422315 166614
49 -0.434138 158419
50 -0.428184 163196
51 -0.41609 171787
52 -0.414674 169105
53 -0.42671 160640
54 -0.420748 165657
55 -0.408942 174614
56 -0.407109 171907
57 -0.418975 162855
58 -0.41286 168183
59 -0.40088 177626
60 -0.39883 174954
61 -0.410754 165408
62 -0.404775 171134
63 -0.392886 181162
64 -0.390743 178433
65 -0.402865 168337
66 -0.396751 174379
67 -0.384509 184920
68 -0.3826 182122
69 -0.394964 171303
70 -0.388674 177756
71 -0.376351 188962
72 -0.373947 186177
73 -0.386687 176016
74 -0.379792 183014
75 -0.366927 195043
76 -0.363796 192599
77 -0.376898 183651
78 -0.369783 191512
79 -0.355982 204662
80 -0.352715 202598
81 -0.366051 195321
82 -0.358635 204151
83 -0.344073 218557
84 -0.340938 216845
85 -0.354089 210682
86 -0.347017 220376
87 -0.33184 235896
88 -0.329853 234047
89 -0.344425 227704
90 -0.337274 237513
91 -0.321797 253305
92 -0.319255 251075
93 -0.335019 244824
94 -0.327485 254287
95 -0.311269 269820
96 -0.308377 266911
97 -0.323179 261150
98 -0.315078 269868
99 -0.297908 284764
100 -0.296009 281251
