0 -0.104666 885896
0.1 -0.0535561 895052
0.2 -0.0453625 905915
0.3 -0.0623077 913702
0.4 -0.0875754 927351
0.5 -0.113501 947953
0.6 -0.112462 956078
0.7 -0.0872458 960775
0.8 -0.0726526 971436
0.9 -0.0707223 996037
1 -0.0476545 1.02861e+06
1.1 -0.00505984 1.04368e+06
1.2 -0.00142838 1.03977e+06
1.3 -0.00151641 1.0277e+06
1.4 -1.4376e-17 1.00361e+06
1.5 -0 1.05268e+06
1.6 -0 1.05268e+06
1.7 -0 1.05268e+06
1.8 -0 1.05268e+06
1.9 -0 1.05268e+06
2 -0 1.05268e+06
2.1 -0 1.05268e+06
2.2 -0 1.05268e+06
2.3 -0 1.05268e+06
2.4 -0 1.05268e+06
2.5 -0 1.05268e+06
2.6 -0 1.05268e+06
2.7 -0 1.05268e+06
2.8 -0 1.05268e+06
2.9 -0 1.05268e+06
3 -0 1.05268e+06
3.1 -0 1.05268e+06
3.2 -0 1.05268e+06
3.3 -0 1.05268e+06
3.4 -0 1.05268e+06
3.5 -0 1.05268e+06
3.6 -0 1.05268e+06
3.7 -0 1.05268e+06
3.8 -0 1.05268e+06
3.9 -0 1.05268e+06
4 -0 1.05268e+06
4.1 -0 1.05268e+06
4.2 -0 1.05268e+06
4.3 -0 1.05349e+06
4.4 -0 1.05552e+06
4.5 -0 1.07178e+06
4.6 -0.0560887 1.0757e+06
4.7 -0.00262925 1.06331e+06
4.8 -0.00227245 1.06639e+06
4.9 -0.00527827 1.08566e+06
5 -0.0167979 1.10531e+06
5.1 -0.0499327 1.0832e+06
5.2 -0.0875396 1.03734e+06
5.3 -0.101236 1.00347e+06
5.4 -0.089655 969859
5.5 -0.0563642 928225
5.6 -0.0263599 882606
5.7 -0.0341386 840839
5.8 -0.113388 821043
5.9 -0.249529 819456
6 -0.352361 831240
6.1 -0.293447 855372
6.2 -0.179901 877378
6.3 -0.0931925 887160
6.4 -0.0498837 897210
6.5 -0.0471446 907030
6.6 -0.065971 914349
6.7 -0.0918583 931239
6.8 -0.116152 949766
6.9 -0.107833 957053
7 -0.0848339 961191
7.1 -0.0706654 975045
7.2 -0.07257 1.00269e+06
7.3 -0.0350048 1.03228e+06
7.4 -0.0044452 1.04333e+06
7.5 -0.0013143 1.03841e+06
7.6 -0.00145698 1.02416e+06
7.7 1.42839e-16 1.0037e+06
7.8 -0 1.05268e+06
7.9 -0 1.05268e+06
8 -0 1.05268e+06
8.1 -0 1.05268e+06
8.2 -0 1.05268e+06
8.3 -0 1.05268e+06
8.4 -0 1.05268e+06
8.5 -0 1.05268e+06
8.6 -0 1.05268e+06
8.7 -0 1.05268e+06
8.8 -0 1.05268e+06
8.9 -0 1.05268e+06
9 -0 1.05268e+06
9.1 -0 1.05268e+06
9.2 -0 1.05268e+06
9.3 -0 1.05268e+06
9.4 -0 1.05268e+06
9.5 -0 1.05268e+06
9.6 -0 1.05268e+06
9.7 -0 1.05268e+06
9.8 -0 1.05268e+06
9.9 -0 1.05268e+06
10 -0 1.05268e+06
10.1 -0 1.05268e+06
10.2 -0 1.05268e+06
10.3 -0 1.05268e+06
10.4 -0 1.05268e+06
10.5 -0 1.05268e+06
10.6 -0 1.05372e+06
10.7 -0 1.05557e+06
10.8 -0 1.07765e+06
10.9 -0.0102803 1.06434e+06
11 -0.00240653 1.06333e+06
11.1 -0.00261924 1.06835e+06
11.2 -0.00620804 1.0909e+06
11.3 -0.0213929 1.10731e+06
11.4 -0.0568959 1.07507e+06
11.5 -0.0919752 1.03113e+06
11.6 -0.100803 997528
11.7 -0.0847626 964123
11.8 -0.0505531 920350
11.9 -0.023595 874349
12 -0.0420836 836405
12.1 -0.133449 819842
12.2 -0.273588 820588
12.3 -0.354686 835158
12.4 -0.273354 859586
12.5 -0.162529 879436
12.6 -0.0828348 888570
12.7 -0.0472995 899470
12.8 -0.0494048 908005
12.9 -0.0705171 915796
13 -0.096285 935410
13.1 -0.118173 951219
13.2 -0.102668 958118
13.3 -0.0825927 962579
13.4 -0.0692346 978665
13.5 -0.0740989 1.00914e+06
13.6 -0.0239313 1.03637e+06
13.7 -0.00395131 1.04289e+06
13.8 -0.00133969 1.03684e+06
13.9 -0.00144066 1.01983e+06
14 1.94647e-16 1.00384e+06
14.1 -0 1.05268e+06
14.2 -0 1.05268e+06
14.3 -0 1.05268e+06
14.4 -0 1.05268e+06
14.5 -0 1.05268e+06
14.6 -0 1.05268e+06
14.7 -0 1.05268e+06
14.8 -0 1.05268e+06
14.9 -0 1.05268e+06
15 -0 1.05268e+06
15.1 -0 1.05268e+06
15.2 -0 1.05268e+06
15.3 -0 1.05268e+06
15.4 -0 1.05268e+06
15.5 -0 1.05268e+06
15.6 -0 1.05268e+06
15.7 -0 1.05268e+06
15.8 -0 1.05268e+06
15.9 -0 1.05268e+06
16 -0 1.05268e+06
16.1 -0 1.05268e+06
16.2 -0 1.05268e+06
16.3 -0 1.05268e+06
16.4 -0 1.05268e+06
16.5 -0 1.05268e+06
16.6 -0 1.05268e+06
16.7 -0 1.05268e+06
16.8 -0 1.05268e+06
16.9 -0 1.05374e+06
17 -0 1.05923e+06
17.1 -0 1.08237e+06
17.2 -0.0071231 1.06364e+06
17.3 -0.00215551 1.06336e+06
17.4 -0.00301868 1.07078e+06
17.5 -0.00702131 1.09687e+06
17.6 -0.0266277 1.10692e+06
17.7 -0.0641018 1.06645e+06
17.8 -0.095967 1.02568e+06
17.9 -0.099997 991585
18 -0.0793697 957300
18.1 -0.0448711 912801
18.2 -0.0224236 866180
18.3 -0.052459 832291
18.4 -0.155143 818902
18.5 -0.296574 821962
18.6 -0.35162 839199
18.7 -0.253208 863467
18.8 -0.146281 881601
18.9 -0.0735772 890017
19 -0.0456748 901420
19.1 -0.0520465 908803
19.2 -0.0747068 918143
19.3 -0.101269 939343
19.4 -0.119252 952672
19.5 -0.0978013 959207
19.6 -0.0802811 964080
19.7 -0.0691104 982426
19.8 -0.0737486 1.01467e+06
19.9 -0.0148319 1.04052e+06
20 -0.00341439 1.0424e+06
