0 -0.194379 875402
1 -0.190618 875392
2 -0.18716 875644
3 -0.18345 875632
4 -0.179843 875612
5 -0.176426 875855
6 -0.172833 875830
7 -0.169564 876074
8 -0.166015 876055
9 -0.162704 876313
10 -0.159148 876312
11 -0.155876 876585
12 -0.152337 876593
13 -0.149161 876874
14 -0.145612 876896
15 -0.142467 877200
16 -0.139018 877250
17 -0.135829 877584
18 -0.132335 877660
19 -0.129222 878021
20 -0.125703 878117
21 -0.122278 878217
22 -0.119308 878612
23 -0.116014 878733
24 -0.11314 879170
25 -0.110096 879404
26 -0.107452 879939
27 -0.104744 880336
28 -0.102314 880970
29 -0.099854 881526
30 -0.097556 882237
31 -0.0952951 882937
32 -0.0931338 883729
33 -0.0909808 884494
34 -0.0888108 885249
35 -0.086578 885826
36 -0.0845286 886517
37 -0.082389 887054
38 -0.0802785 887589
39 -0.078291 888269
40 -0.0763488 888799
41 -0.0743776 889503
42 -0.0726805 890159
43 -0.0709108 890898
44 -0.0694122 891615
45 -0.0678741 892329
46 -0.0665428 893036
47 -0.0651349 893702
48 -0.0639573 894404
49 -0.0627074 895066
50 -0.0616501 895802
51 -0.0604896 896457
52 -0.0594052 897207
53 -0.0582857 897834
54 -0.0573283 898618
55 -0.0564422 899441
56 -0.055315 900112
57 -0.0544429 901005
58 -0.0534135 901706
59 -0.0526146 902658
60 -0.0516322 903388
61 -0.0509322 904407
62 -0.0500151 905159
63 -0.0494387 906252
64 -0.0485777 907028
65 -0.0480976 908172
66 -0.0473023 908945
67 -0.0467917 910122
68 -0.0460515 910900
69 -0.0456786 912138
70 -0.0450868 912928
71 -0.0446942 914216
72 -0.0442671 915549
73 -0.0436825 916386
74 -0.0433469 917795
75 -0.042807 918656
76 -0.0424462 920124
77 -0.0419807 921002
78 -0.0417087 922544
79 -0.0412332 923437
80 -0.0408998 925018
81 -0.040502 925909
82 -0.0403611 927527
83 -0.0400903 928414
84 -0.0398827 930063
85 -0.0395998 930947
86 -0.0395205 932621
87 -0.0393104 933476
88 -0.039272 935155
89 -0.0392802 936844
90 -0.0391389 937682
91 -0.039063 939398
92 -0.0388682 940216
93 -0.0388169 941926
94 -0.0386231 942691
95 -0.0386219 944377
96 -0.0385343 945101
97 -0.0385077 946767
98 -0.0383627 947444
99 -0.0383697 949084
100 -0.0382076 949693
101 -0.0381918 951282
102 -0.0380787 951831
103 -0.0381248 953412
104 -0.0382004 955002
105 -0.0381508 955539
106 -0.0380538 957146
107 -0.0380285 957638
108 -0.0381003 959205
109 -0.0381103 959620
110 -0.0381589 961147
111 -0.0382128 961494
112 -0.0381367 962976
113 -0.0382134 963253
114 -0.0381599 964673
115 -0.0381682 964879
116 -0.0381949 966271
117 -0.0382092 966426
118 -0.0382977 967798
119 -0.0384936 967916
120 -0.038575 969296
121 -0.0387619 970670
122 -0.0387873 970732
123 -0.0388159 972061
124 -0.039016 972053
125 -0.0390704 973310
126 -0.039171 973261
127 -0.0391887 974492
128 -0.0393539 974417
129 -0.0393338 975605
130 -0.0394715 975500
131 -0.0394425 976671
132 -0.0395621 976579
133 -0.0396017 977827
134 -0.0398556 977792
135 -0.0399142 979136
136 -0.0401511 979101
137 -0.0402764 980429
138 -0.0403096 981749
139 -0.0405819 981702
140 -0.0406845 983078
141 -0.0409451 983048
142 -0.0409525 984452
143 -0.0412444 984411
144 -0.0412626 985801
145 -0.0414615 985651
146 -0.0413382 986943
147 -0.0414771 986708
148 -0.0412639 987975
149 -0.0413974 987695
150 -0.0411466 988953
151 -0.0412001 988619
152 -0.0409297 989860
153 -0.041021 989530
154 -0.0407144 990809
155 -0.040349 992125
156 -0.0403909 991833
157 -0.0400378 993153
158 -0.0400355 992816
159 -0.0396037 994094
160 -0.0395804 993707
161 -0.0391385 994948
162 -0.0391699 994527
163 -0.0386719 995776
164 -0.0386324 995360
165 -0.0380693 996572
166 -0.0379894 996084
167 -0.0374103 997192
168 -0.0373574 996639
169 -0.0367604 997729
170 -0.036691 997192
171 -0.0360938 998327
172 -0.0354081 999458
173 -0.035327 998923
174 -0.034641 1.00005e+06
175 -0.0345419 999542
176 -0.0338575 1.00073e+06
177 -0.0337845 1.00025e+06
178 -0.033097 1.0015e+06
179 -0.0330648 1.00104e+06
180 -0.0323354 1.00236e+06
