0 -0.200862 874167
1 -0.212018 872399
2 -0.207585 871723
3 -0.194721 871224
4 -0.197979 870110
5 -0.210884 868622
6 -0.206028 867809
7 -0.192444 867170
8 -0.195556 866017
9 -0.209838 864876
10 -0.204504 864020
11 -0.190072 863337
12 -0.193239 862148
13 -0.208582 861321
14 -0.202976 860424
15 -0.187822 859701
16 -0.19073 858546
17 -0.206764 858098
18 -0.200705 857233
19 -0.184693 856539
20 -0.187606 855436
21 -0.204713 855276
22 -0.198475 854459
23 -0.181918 853814
24 -0.18484 852695
25 -0.202687 852706
26 -0.196311 851869
27 -0.179152 851203
28 -0.182206 850066
29 -0.20107 850345
30 -0.194633 849489
31 -0.176787 848805
32 -0.179843 847646
33 -0.199759 848206
34 -0.193162 847326
35 -0.17468 846620
36 -0.17791 845407
37 -0.198685 846237
38 -0.191743 845298
39 -0.172532 844535
40 -0.175794 843207
41 -0.197404 844316
42 -0.190322 843256
43 -0.170551 842374
44 -0.173945 840951
45 -0.196698 842246
46 -0.189198 841082
47 -0.168455 840099
48 -0.172265 838677
49 -0.196981 840229
50 -0.188916 839064
51 -0.167279 838082
52 -0.171468 836674
53 -0.197616 838524
54 -0.189103 837372
55 -0.16586 836406
56 -0.169915 834992
57 -0.198205 837140
58 -0.189346 835981
59 -0.165615 835013
60 -0.169939 833588
61 -0.199907 836534
62 -0.190788 835358
63 -0.165826 834378
64 -0.170332 832945
65 -0.201384 836531
66 -0.191467 835332
67 -0.16487 834331
68 -0.169347 832868
69 -0.201588 837067
70 -0.190955 835814
71 -0.162525 834757
72 -0.167135 833217
73 -0.201943 837734
74 -0.190437 836365
75 -0.159584 835190
76 -0.164083 833618
77 -0.200846 838415
78 -0.18763 836971
79 -0.153857 835721
80 -0.157743 834158
81 -0.197006 840436
82 -0.18272 838948
83 -0.146095 837653
84 -0.148755 836036
85 -0.192525 843159
86 -0.175278 841522
87 -0.134606 840077
88 -0.136058 838263
89 -0.185416 845648
90 -0.164664 843619
91 -0.118876 841784
92 -0.120476 839652
93 -0.179623 848910
94 -0.152527 846109
95 -0.0964554 843507
96 -0.101879 841436
97 -0.203971 846285
98 -0.169155 842585
99 -0.0839258 839105
100 -0.0839258 839105
