0 -0.200786 874311
1 -0.203697 873112
2 -0.206423 872342
3 -0.208958 871230
4 -0.211358 870165
5 -0.21345 869512
6 -0.215449 868488
7 -0.217141 867859
8 -0.218886 866853
9 -0.220339 866246
10 -0.221768 865232
11 -0.222907 864626
12 -0.223819 863645
13 -0.2245 863124
14 -0.224867 862258
15 -0.224942 861868
16 -0.224695 861124
17 -0.22424 860871
18 -0.223624 860263
19 -0.22282 860126
20 -0.221786 859587
21 -0.220505 859072
22 -0.21893 859012
23 -0.217302 858532
24 -0.215335 858505
25 -0.213277 858068
26 -0.210973 858094
27 -0.208694 857722
28 -0.206183 857822
29 -0.203593 857515
30 -0.200906 857679
31 -0.198021 857437
32 -0.195027 857661
33 -0.191884 857461
34 -0.188602 857728
35 -0.185196 857566
36 -0.181862 857876
37 -0.178363 857755
38 -0.174834 857654
39 -0.171244 858041
40 -0.167664 857995
41 -0.163947 858428
42 -0.160206 858414
43 -0.156514 858872
44 -0.152775 858881
45 -0.149066 859357
46 -0.145239 859386
47 -0.141516 859882
48 -0.137645 859931
49 -0.133893 860454
50 -0.130107 860522
51 -0.126492 861056
52 -0.122797 861128
53 -0.119315 861674
54 -0.115793 861749
55 -0.112221 861817
56 -0.108874 862362
57 -0.105491 862436
58 -0.102226 862992
59 -0.0989815 863083
60 -0.0957088 863660
61 -0.0925274 863779
62 -0.0894581 864398
63 -0.0864418 864578
64 -0.083536 865250
65 -0.0806678 865462
66 -0.0781106 866134
67 -0.0755852 866333
68 -0.073184 867008
69 -0.0708073 867225
70 -0.0686455 867935
71 -0.0665323 868195
72 -0.0647067 868476
73 -0.0629339 869240
74 -0.0612968 869531
75 -0.0595833 870288
76 -0.0579652 870568
77 -0.0565129 871326
78 -0.0551327 871612
79 -0.0538333 872380
80 -0.0525521 872715
81 -0.0514117 873528
82 -0.0504288 874038
83 -0.0495077 874963
84 -0.0487367 875750
85 -0.0480807 876829
86 -0.0476287 877967
87 -0.047193 879276
88 -0.0468131 880885
89 -0.0467152 882690
90 -0.0466467 884301
91 -0.0467529 886222
92 -0.0469475 887740
93 -0.047209 889250
94 -0.0475555 890592
95 -0.0480053 891992
96 -0.0485959 893374
97 -0.0492494 894826
98 -0.0499336 896236
99 -0.0507163 897952
100 -0.0515497 899428
101 -0.0525862 901284
102 -0.0535323 902776
103 -0.0545019 904716
104 -0.0556664 906780
105 -0.0566992 908403
106 -0.0578089 910623
107 -0.0589911 912328
108 -0.0601303 914749
109 -0.0612326 916540
110 -0.0623423 919114
111 -0.063593 920873
112 -0.0647892 923493
113 -0.0661853 925214
114 -0.0674565 927922
115 -0.0688917 929628
116 -0.0701516 932360
117 -0.0716681 933967
118 -0.0730035 936661
119 -0.0745326 938172
120 -0.075865 940874
121 -0.0773203 943593
122 -0.0788839 945010
123 -0.0801802 947705
124 -0.0816954 949040
125 -0.0829034 951727
126 -0.0843235 952972
127 -0.0853444 955635
128 -0.0866668 956820
129 -0.0876736 959495
130 -0.0890351 960640
131 -0.0900125 963317
132 -0.0913604 964387
133 -0.0925063 967028
134 -0.0939772 968017
135 -0.0950657 970662
136 -0.096502 971623
137 -0.0976294 974270
138 -0.0986269 976926
139 -0.0999159 977814
140 -0.100791 980483
141 -0.102094 981341
142 -0.102942 984055
143 -0.104299 984883
144 -0.105091 987615
145 -0.106285 988366
146 -0.107034 991045
147 -0.108174 991662
148 -0.108856 994232
149 -0.1098 994697
150 -0.110235 997196
151 -0.111055 997597
152 -0.111639 1.00013e+06
153 -0.112476 1.00055e+06
154 -0.113053 1.0032e+06
155 -0.113253 1.00597e+06
156 -0.113746 1.00655e+06
157 -0.11369 1.00931e+06
158 -0.114051 1.00976e+06
159 -0.11392 1.0124e+06
160 -0.114135 1.01271e+06
161 -0.11382 1.01532e+06
162 -0.113824 1.01553e+06
163 -0.113268 1.018e+06
164 -0.113047 1.01808e+06
165 -0.112267 1.02048e+06
166 -0.111818 1.02048e+06
167 -0.110885 1.02285e+06
168 -0.110448 1.02278e+06
169 -0.109408 1.0251e+06
170 -0.108597 1.02489e+06
171 -0.107555 1.02702e+06
172 -0.106134 1.02907e+06
173 -0.105033 1.02858e+06
174 -0.103401 1.03065e+06
175 -0.102259 1.0302e+06
176 -0.100557 1.03237e+06
177 -0.099218 1.03201e+06
178 -0.0971923 1.03424e+06
179 -0.0955778 1.03388e+06
180 -0.0932842 1.03617e+06
