0 -0.356253 252493
0.1 -0.163152 424155
0.2 -0.0503245 604370
0.3 -0.0168007 784803
0.4 -0.0369866 882391
0.5 -0.0783149 937166
0.6 -0.111604 941858
0.7 -0.110053 863333
0.8 -0.0618611 697828
0.9 -0.0248032 491004
1 -0.00828231 238597
1.1 -0.00415775 9122.04
1.2 -0.00826138 42.6218
1.3 -0.00960317 46.0164
1.4 -0.0119197 64.4161
1.5 -0 0
1.6 -0 0
1.7 -0 0
1.8 -0 0
1.9 -0 0
2 -0 0
2.1 -0 0
2.2 -0 0
2.3 -0 0
2.4 -0 0
2.5 -0 0
2.6 -0 0
2.7 -0 0
2.8 -0 0
2.9 -0 0
3 -0 0
3.1 -0 0
3.2 -0 0
3.3 -0 0
3.4 -0 0
3.5 -0 0
3.6 -0 0
3.7 -0 0
3.8 -0 0
3.9 -0 0
4 -0 0
4.1 -0 0
4.2 -0 0
4.3 -0 0
4.4 -0 0
4.5 -0 0
4.6 -0.121128 163.031
4.7 -0.0117303 51.9072
4.8 -0.00893482 39.885
4.9 -0.00758511 133.933
5 -0.00353308 30300
5.1 -0.0111018 286015
5.2 -0.0335643 528879
5.3 -0.0757085 728418
5.4 -0.119353 891792
5.5 -0.109568 942649
5.6 -0.072837 930727
5.7 -0.0324638 870658
5.8 -0.0179278 760218
5.9 -0.0627578 573273
6 -0.188607 395372
6.1 -0.399176 221320
6.2 -0.658303 50731
6.3 -0.317159 281839
6.4 -0.138811 453304
6.5 -0.0391295 636054
6.6 -0.0173236 805622
6.7 -0.0432978 894297
6.8 -0.0851058 941625
6.9 -0.115051 941793
7 -0.102851 836239
7.1 -0.054305 666282
7.2 -0.0205641 452300
7.3 -0.00676013 193406
7.4 -0.00473794 3063.4
7.5 -0.0087111 42.2952
7.6 -0.00997873 47.2418
7.7 -0.0119264 73.6632
7.8 -0 0
7.9 -0 0
8 -0 0
8.1 -0 0
8.2 -0 0
8.3 -0 0
8.4 -0 0
8.5 -0 0
8.6 -0 0
8.7 -0 0
8.8 -0 0
8.9 -0 0
9 -0 0
9.1 -0 0
9.2 -0 0
9.3 -0 0
9.4 -0 0
9.5 -0 0
9.6 -0 0
9.7 -0 0
9.8 -0 0
9.9 -0 0
10 -0 0
10.1 -0 0
10.2 -0 0
10.3 -0 0
10.4 -0 0
10.5 -0 0
10.6 -0 0
10.7 -0 0
10.8 -0 0
10.9 -0.0463892 94.9498
11 -0.0107488 48.2544
11.1 -0.00883659 39.3828
11.2 -0.00718387 417.316
11.3 -0.00361558 69206.8
11.4 -0.013629 330651
11.5 -0.039359 565692
11.6 -0.0837748 757321
11.7 -0.121488 915468
11.8 -0.104361 944089
11.9 -0.0654272 922579
12 -0.0273047 857374
12.1 -0.019899 730216
12.2 -0.0785835 542324
12.3 -0.217484 366734
12.4 -0.446174 186057
12.5 -0.560142 95987.2
12.6 -0.280993 310827
12.7 -0.116705 483071
12.8 -0.030135 667991
12.9 -0.0195106 824544
13 -0.0500308 905512
13.1 -0.0912446 944643
13.2 -0.117585 938791
13.3 -0.0943431 809758
13.4 -0.0472327 633493
13.5 -0.0169289 411383
13.6 -0.00545611 150423
13.7 -0.00588506 1330.02
13.8 -0.0088479 42.6274
13.9 -0.0101302 49.5571
14 -0.014089 86.6176
14.1 -0 0
14.2 -0 0
14.3 -0 0
14.4 -0 0
14.5 -0 0
14.6 -0 0
14.7 -0 0
14.8 -0 0
14.9 -0 0
15 -0 0
15.1 -0 0
15.2 -0 0
15.3 -0 0
15.4 -0 0
15.5 -0 0
15.6 -0 0
15.7 -0 0
15.8 -0 0
15.9 -0 0
16 -0 0
16.1 -0 0
16.2 -0 0
16.3 -0 0
16.4 -0 0
16.5 -0 0
16.6 -0 0
16.7 -0 0
16.8 -0 0
16.9 -0 0
17 -0 0
17.1 -0 0
17.2 -0.0204705 95.1474
17.3 -0.00995161 45.4547
17.4 -0.00900205 38.7245
17.5 -0.0067665 853.2
17.6 -0.00426326 111095
17.7 -0.0165994 372549
17.8 -0.0457567 601539
17.9 -0.0921046 784759
18 -0.121685 931218
18.1 -0.0988107 945519
18.2 -0.0581621 914430
18.3 -0.023108 841701
18.4 -0.023708 698424
18.5 -0.0965758 511683
18.6 -0.248683 338186
18.7 -0.497921 142010
18.8 -0.494538 144567
18.9 -0.24768 339697
19 -0.0966978 513282
19.1 -0.0236732 700106
19.2 -0.0226401 842340
19.3 -0.0569915 914578
19.4 -0.0969077 945268
19.5 -0.118623 930450
19.6 -0.0858444 783191
19.7 -0.0406912 599300
19.8 -0.0142092 369846
19.9 -0.00449117 108394
20 -0.00715854 819.432
