-25 -0.316022 268754
-24.5 -0.321048 264704
-24 -0.325805 261626
-23.5 -0.330525 258411
-23 -0.336587 254089
-22.5 -0.342018 249829
-22 -0.347178 246501
-21.5 -0.351959 243063
-21 -0.358163 238987
-20.5 -0.364091 234456
-20 -0.369692 230778
-19.5 -0.374588 226973
-19 -0.380802 222957
-18.5 -0.387214 217953
-18 -0.393291 213731
-17.5 -0.398556 209397
-17 -0.404626 205322
-16.5 -0.411746 199793
-16 -0.417984 194624
-15.5 -0.4241 190203
-15 -0.430177 185742
-14.5 -0.437808 180162
-14 -0.444689 174518
-13.5 -0.451279 169535
-13 -0.457328 164501
-12.5 -0.465386 158759
-12 -0.472888 152441
-11.5 -0.480097 146743
-11 -0.486589 141082
-10.5 -0.495206 135290
-10 -0.503974 128610
-9.5 -0.512239 122607
-9 -0.519806 116766
-8.5 -0.529171 111292
-8 -0.540235 104435
-7.5 -0.549802 97991.6
-7 -0.559647 92168.1
-6.5 -0.57045 86605.1
-6 -0.584232 80152.1
-5.5 -0.595711 73667.6
-5 -0.608253 67621.3
-4.5 -0.622136 61669.3
-4 -0.641679 54923
-3.5 -0.657905 47369.4
-3 -0.678152 39960.5
-2.5 -0.701763 32483.4
-2 -0.734699 24484.5
-1.5 -0.77024 15399.3
-1 -0.835806 7658.55
-0.5 -0.953485 2174.19
0 -1.315 0
0.5 -0.953589 2174.19
1 -0.836004 7658.56
1.5 -0.770611 15399.3
2 -0.734911 24484.5
2.5 -0.702076 32483.4
3 -0.678629 39960.5
3.5 -0.658372 47369.4
4 -0.642114 54923
4.5 -0.622713 61669.3
5 -0.608892 67621.3
5.5 -0.596278 73667.6
6 -0.584727 80152.1
6.5 -0.570938 86605.1
7 -0.560109 92168.1
7.5 -0.550209 97991.6
8 -0.540617 104435
8.5 -0.529495 111292
9 -0.520217 116766
9.5 -0.512559 122607
10 -0.504258 128610
10.5 -0.495383 135290
11 -0.486887 141082
11.5 -0.480282 146743
12 -0.472982 152441
12.5 -0.465346 158759
13 -0.457307 164501
13.5 -0.451217 169535
14 -0.444597 174518
14.5 -0.437613 180162
15 -0.429959 185742
15.5 -0.423933 190203
16 -0.417839 194624
16.5 -0.411414 199793
17 -0.404242 205322
17.5 -0.398217 209397
18 -0.392939 213731
18.5 -0.386841 217953
19 -0.380342 222957
19.5 -0.374213 226973
20 -0.36928 230778
20.5 -0.363673 234456
21 -0.357658 238987
21.5 -0.351489 243063
22 -0.346785 246501
22.5 -0.341599 249829
23 -0.336112 254089
23.5 -0.330028 258411
24 -0.325348 261626
24.5 -0.320597 264704
25 -0.315525 268754
