-25 -0.405823 222001
-24.5 -0.410057 218547
-24 -0.414364 215797
-23.5 -0.418196 212831
-23 -0.422993 209076
-22.5 -0.427503 205312
-22 -0.431983 202199
-21.5 -0.435843 198882
-21 -0.440557 195092
-20.5 -0.445321 190968
-20 -0.450104 187466
-19.5 -0.454154 183800
-19 -0.458776 179995
-18.5 -0.463904 175547
-18 -0.468974 171686
-17.5 -0.473249 167694
-17 -0.477854 163880
-16.5 -0.483437 159112
-16 -0.488481 154588
-15.5 -0.493683 150617
-15 -0.498633 146579
-14.5 -0.504648 141830
-14 -0.510176 137086
-13.5 -0.515985 132876
-13 -0.521448 128649
-12.5 -0.527901 124036
-12 -0.534142 119105
-11.5 -0.540847 114656
-11 -0.547317 110215
-10.5 -0.554627 105693
-10 -0.5621 100564
-9.5 -0.570058 95899
-9 -0.57758 91306.7
-8.5 -0.585696 86965.8
-8 -0.594455 81727
-7.5 -0.603119 76738
-7 -0.612382 72133.4
-6.5 -0.6223 67610.1
-6 -0.633637 62411.9
-5.5 -0.64457 57179.7
-5 -0.656302 52265.3
-4.5 -0.669213 47414.9
-4 -0.68579 42028.1
-3.5 -0.700719 36001.3
-3 -0.719352 29983.2
-2.5 -0.74211 23864.9
-2 -0.775084 17463.1
-1.5 -0.812687 10722.5
-1 -0.878953 5207.28
-0.5 -0.993545 1437.4
0 -1.315 0
0.5 -0.993644 1437.4
1 -0.878859 5207.3
1.5 -0.812243 10722.5
2 -0.77471 17463.1
2.5 -0.741483 23865
3 -0.718959 29983.2
3.5 -0.700267 36001.3
4 -0.685263 42028.1
4.5 -0.668136 47414.9
5 -0.655291 52265.4
5.5 -0.643462 57179.7
6 -0.632539 62411.9
6.5 -0.620915 67610.2
7 -0.610937 72133.5
7.5 -0.601598 76738
8 -0.593054 81727
8.5 -0.584284 86965.8
9 -0.575956 91306.8
9.5 -0.568665 95899.1
10 -0.560713 100564
10.5 -0.553289 105693
11 -0.545727 110215
11.5 -0.539418 114656
12 -0.532728 119105
12.5 -0.526527 124036
13 -0.519834 128649
13.5 -0.514349 132876
14 -0.50868 137086
14.5 -0.503188 141830
15 -0.497061 146579
15.5 -0.491885 150618
16 -0.486815 154588
16.5 -0.481851 159112
17 -0.476242 163880
17.5 -0.471237 167694
18 -0.466971 171686
18.5 -0.462054 175547
19 -0.456991 179995
19.5 -0.452014 183800
20 -0.4479 187466
20.5 -0.443261 190968
21 -0.438545 195092
21.5 -0.433639 198883
22 -0.429566 202199
22.5 -0.425203 205312
23 -0.420788 209077
23.5 -0.415883 212831
24 -0.411832 215797
24.5 -0.407693 218548
25 -0.403455 222001
