0 -0.525559 112628
0.1 -0.437769 159213
0.2 -0.378063 178009
0.3 -0.310306 211924
0.4 -0.21705 245395
0.5 -0.131192 264870
0.6 -0.0621558 273688
0.7 -0.0174758 268587
0.8 -0.00630625 256998
0.9 -0.00833269 245252
1 -0.0108521 231918
1.1 -0.0132661 223631
1.2 -0.0152078 218172
1.3 -0.0183026 222140
1.4 -0.0234637 224376
1.5 -0.169836 85.1778
1.6 -0.272297 49.1446
1.7 -0.28336 49.6091
1.8 -0.329665 30.6204
1.9 -0.329587 30.7232
2 -0.465414 0
2.1 -0.465414 0
2.2 -0.465414 0
2.3 -0.465414 0
2.4 -0.465414 0
2.5 -0.465414 0
2.6 -0.465414 0
2.7 -0.465414 0
2.8 -0.465414 0
2.9 -0.465414 0
3 -0.465414 0
3.1 -0.465414 0
3.2 -0.465414 0
3.3 -0.465414 0
3.4 -0.465414 0
3.5 -0.465414 0
3.6 -0.465414 0
3.7 -0.465414 0
3.8 -0.465414 0
3.9 -0.465414 0
4 -0.465414 0
4.1 -0.266871 48.1118
4.2 -0.264589 47.8973
4.3 -0.246141 51.4573
4.4 -0.210665 74.1991
4.5 -0.161523 81.5302
4.6 -0.0366348 123279
4.7 -0.0405375 225749
4.8 -0.0352679 216655
4.9 -0.0323651 213092
5 -0.0296507 219282
5.1 -0.0242258 228298
5.2 -0.0177972 241414
5.3 -0.0120014 251454
5.4 -0.0259146 262988
5.5 -0.0760827 270794
5.6 -0.150514 259479
5.7 -0.24119 240736
5.8 -0.332751 204872
5.9 -0.394936 175724
6 -0.455183 155506
6.1 -0.550423 97266.9
6.2 -0.77346 16442
6.3 -0.506371 125376
6.4 -0.426419 162926
6.5 -0.36806 181788
6.6 -0.295227 219333
6.7 -0.20139 248860
6.8 -0.11821 268429
6.9 -0.0532166 273547
7 -0.0119007 267292
7.1 -0.00656156 256503
7.2 -0.00879391 242210
7.3 -0.0112894 231867
7.4 -0.0135843 222060
7.5 -0.0155512 217941
7.6 -0.0190557 226963
7.7 -0.0252636 225891
7.8 -0.216061 69.7528
7.9 -0.272303 49.1456
8 -0.283355 49.6248
8.1 -0.329653 30.6358
8.2 -0.329572 30.7431
8.3 -0.465414 0
8.4 -0.465414 0
8.5 -0.465414 0
8.6 -0.465414 0
8.7 -0.465414 0
8.8 -0.465414 0
8.9 -0.465414 0
9 -0.465414 0
9.1 -0.465414 0
9.2 -0.465414 0
9.3 -0.465414 0
9.4 -0.465414 0
9.5 -0.465414 0
9.6 -0.465414 0
9.7 -0.465414 0
9.8 -0.465414 0
9.9 -0.465414 0
10 -0.465414 0
10.1 -0.465414 0
10.2 -0.465414 0
10.3 -0.465414 0
10.4 -0.266461 47.8616
10.5 -0.264326 48.1067
10.6 -0.245455 52.2498
10.7 -0.210498 75.3774
10.8 -0.144224 85.7701
10.9 -0.0365195 159613
11 -0.0394861 226647
11.1 -0.0348286 215402
11.2 -0.0321707 214429
11.3 -0.0287539 220175
11.4 -0.0231797 229528
11.5 -0.0167983 243541
11.6 -0.0110695 253473
11.7 -0.0330978 264260
11.8 -0.0866963 270620
11.9 -0.164482 256186
12 -0.257817 236578
12.1 -0.344751 198011
12.2 -0.404172 173081
12.3 -0.46777 149550
12.4 -0.580201 79015.5
12.5 -0.668766 41234.3
12.6 -0.489536 135325
12.7 -0.415697 166190
12.8 -0.35821 186283
12.9 -0.2795 225853
13 -0.185978 251946
13.1 -0.105852 270850
13.2 -0.0456974 271518
13.3 -0.00688349 265267
13.4 -0.00695824 253215
13.5 -0.0092094 240018
13.6 -0.0116822 228392
13.7 -0.0138752 221588
13.8 -0.0161271 218146
13.9 -0.0198541 228671
14 -0.0280323 213594
14.1 -0.239432 61.276
14.2 -0.27231 49.1467
14.3 -0.329705 30.5673
14.4 -0.329641 30.652
14.5 -0.329556 30.7638
14.6 -0.465414 0
14.7 -0.465414 0
14.8 -0.465414 0
14.9 -0.465414 0
15 -0.465414 0
15.1 -0.465414 0
15.2 -0.465414 0
15.3 -0.465414 0
15.4 -0.465414 0
15.5 -0.465414 0
15.6 -0.465414 0
15.7 -0.465414 0
15.8 -0.465414 0
15.9 -0.465414 0
16 -0.465414 0
16.1 -0.465414 0
16.2 -0.465414 0
16.3 -0.465414 0
16.4 -0.465414 0
16.5 -0.465414 0
16.6 -0.465414 0
16.7 -0.266034 47.7088
16.8 -0.264104 48.3665
16.9 -0.244801 53.0939
17 -0.210514 70.6013
17.1 -0.123646 90.697
17.2 -0.0400052 194727
17.3 -0.0381218 224316
17.4 -0.0341179 213632
17.5 -0.031919 215605
17.6 -0.0279913 221103
17.7 -0.022219 230868
17.8 -0.0158321 245644
17.9 -0.00998987 255627
18 -0.0402723 265443
18.1 -0.0995006 269282
18.2 -0.178829 253375
18.3 -0.273759 231250
18.4 -0.355747 191865
18.5 -0.413461 170208
18.6 -0.480857 142994
18.7 -0.619171 60314.8
18.8 -0.614886 60860.3
18.9 -0.474578 142986
19 -0.405697 169446
19.1 -0.347459 191601
19.2 -0.263899 232005
19.3 -0.17116 254768
19.4 -0.0932029 272771
19.5 -0.0380329 270479
19.6 -0.00520179 262363
19.7 -0.00728477 251745
19.8 -0.00958519 237284
19.9 -0.0120951 226597
20 -0.014337 219142
