0 -1.24579 17.4725
0.1 -1.19012 69.8902
0.2 -1.15571 157.253
0.3 -1.12989 279.561
0.4 -1.10849 436.814
0.5 -1.08965 629.012
0.6 -1.07256 856.155
0.7 -1.05674 1118.24
0.8 -1.04183 1415.28
0.9 -1.02762 1747.25
1 -1.01394 2114.18
1.1 -1.00072 2516.05
1.2 -0.987914 2952.86
1.3 -0.975497 3424.62
1.4 -0.963434 3931.32
1.5 -0.951707 4472.97
1.6 -0.940294 5049.57
1.7 -0.929163 5661.1
1.8 -0.918315 6307.59
1.9 -0.911159 7238.63
2 -0.900614 7980.58
2.1 -0.890299 8758.74
2.2 -0.880204 9573.08
2.3 -0.870294 10423.6
2.4 -0.860543 11310.4
2.5 -0.850923 12233.3
2.6 -0.841389 13192.4
2.7 -0.831909 14187.7
2.8 -0.822414 15219.2
2.9 -0.81289 16286.9
3 -0.803254 17390.8
3.1 -0.793437 18530.9
3.2 -0.783318 19707.2
3.3 -0.772793 20919.6
3.4 -0.76173 22168.3
3.5 -0.749931 23453.1
3.6 -0.737103 24774.2
3.7 -0.723435 26131.4
3.8 -0.712337 27524.9
3.9 -0.707925 28954.5
4 -0.705013 28999.8
4.1 -0.702598 29079
4.2 -0.701318 29192.2
4.3 -0.700571 29339.3
4.4 -0.699924 29520.4
4.5 -0.699056 29735.5
4.6 -0.698022 29984.5
4.7 -0.69692 30267.4
4.8 -0.695715 30584.3
4.9 -0.694419 30935.2
5 -0.693024 31320
5.1 -0.69153 31738.7
5.2 -0.689977 32191.5
5.3 -0.688336 32678.1
5.4 -0.686662 33198.7
5.5 -0.684952 33753.3
5.6 -0.683211 34341.8
5.7 -0.681382 34964.3
5.8 -0.679521 35620.7
5.9 -0.684699 35754.6
6 -0.682704 36505.8
6.1 -0.680664 37292.1
6.2 -0.678594 38113.7
6.3 -0.676486 38970.5
6.4 -0.674318 39862.5
6.5 -0.67209 40789.7
6.6 -0.669743 41752.1
6.7 -0.667274 42749.7
6.8 -0.664673 43782.6
6.9 -0.66193 44850.6
7 -0.658988 45953.8
7.1 -0.655815 47092.3
7.2 -0.652285 48266
7.3 -0.648329 49474.9
7.4 -0.643845 50718.9
7.5 -0.638646 51998.2
7.6 -0.63243 53312.8
7.7 -0.625292 54662.5
7.8 -0.620575 56047.4
7.9 -0.621533 57467.5
8 -0.619403 57469.4
8.1 -0.617976 57504.1
8.2 -0.617429 57571.8
8.3 -0.617342 57672.3
8.4 -0.617258 57805.7
8.5 -0.616917 57972
8.6 -0.616423 58171.2
8.7 -0.615853 58403.3
8.8 -0.615246 58668.3
8.9 -0.614561 58966.1
9 -0.613782 59296.9
9.1 -0.612928 59660.5
9.2 -0.612025 60057
9.3 -0.611078 60486.5
9.4 -0.610121 60948.8
9.5 -0.609121 61444
9.6 -0.608116 61972.1
9.7 -0.607075 62533
9.8 -0.606019 63126.9
9.9 -0.604964 63753.7
10 -0.611504 62944.8
10.1 -0.61039 63664
10.2 -0.609264 64417.3
10.3 -0.608082 65204.8
10.4 -0.606889 66026.4
10.5 -0.605631 66882.2
10.6 -0.604311 67772.2
10.7 -0.602903 68696.3
10.8 -0.601359 69654.5
10.9 -0.599704 70646.9
11 -0.597865 71673.5
11.1 -0.595822 72734.2
11.2 -0.593521 73829.1
11.3 -0.5909 74958.1
11.4 -0.587829 76121.3
11.5 -0.584151 77318.6
11.6 -0.57963 78550.1
11.7 -0.574363 79815.8
11.8 -0.57149 81115.6
11.9 -0.573574 82449.5
12 -0.571587 82393.7
12.1 -0.570436 82370.1
12.2 -0.570069 82378.8
12.3 -0.570153 82419.7
12.4 -0.570353 82492.8
12.5 -0.570347 82598.3
12.6 -0.570156 82736
12.7 -0.569866 82905.9
12.8 -0.569542 83108.1
12.9 -0.569149 83342.6
13 -0.568687 83609.3
13.1 -0.568139 83908.2
13.2 -0.567583 84239.5
13.3 -0.567001 84603
13.4 -0.566389 84998.7
13.5 -0.565734 85426.7
13.6 -0.565085 85886.9
13.7 -0.564394 86379.5
13.8 -0.563699 86904.2
13.9 -0.562997 87461.2
14 -0.570986 84483.3
14.1 -0.570186 85129.7
14.2 -0.569367 85809.7
14.3 -0.568508 86523.2
14.4 -0.567609 87270.2
14.5 -0.566641 88050.8
14.6 -0.565609 88864.9
14.7 -0.564483 89712.6
14.8 -0.563257 90593.8
14.9 -0.561942 91508.6
15 -0.560465 92456.9
15.1 -0.558827 93438.8
15.2 -0.557007 94454.2
15.3 -0.55488 95503.2
15.4 -0.552387 96585.7
15.5 -0.549392 97701.7
15.6 -0.545658 98851.3
15.7 -0.541305 100034
15.8 -0.539269 101251
15.9 -0.541792 102501
16 -0.540052 102386
16.1 -0.539357 102302
16.2 -0.539375 102250
16.3 -0.539685 102231
16.4 -0.540021 102243
16.5 -0.540167 102287
16.6 -0.54015 102364
16.7 -0.540037 102472
16.8 -0.539902 102612
16.9 -0.539715 102785
17 -0.539423 102989
17.1 -0.539062 103225
17.2 -0.538672 103493
17.3 -0.538249 103794
17.4 -0.5378 104126
17.5 -0.537322 104490
17.6 -0.536823 104887
17.7 -0.536288 105315
17.8 -0.535734 105775
17.9 -0.535178 106267
18 -0.543545 101951
18.1 -0.542854 102530
18.2 -0.542111 103143
18.3 -0.541346 103789
18.4 -0.540522 104468
18.5 -0.539662 105181
18.6 -0.538738 105927
18.7 -0.537741 106707
18.8 -0.536689 107519
18.9 -0.535514 108365
19 -0.53425 109245
19.1 -0.532852 110158
19.2 -0.531266 111104
19.3 -0.529479 112083
19.4 -0.527324 113096
19.5 -0.524675 114142
19.6 -0.5212 115221
19.7 -0.516951 116334
19.8 -0.515023 117480
19.9 -0.517638 118659
20 -0.516194 118494
20.1 -0.515507 118361
20.2 -0.515373 118260
20.3 -0.515552 118190
20.4 -0.515829 118153
20.5 -0.516009 118146
20.6 -0.516067 118172
20.7 -0.516085 118229
20.8 -0.51606 118318
20.9 -0.515987 118439
21 -0.515851 118592
21.1 -0.515639 118776
21.2 -0.515382 118992
21.3 -0.515065 119240
21.4 -0.514746 119519
21.5 -0.514383 119830
21.6 -0.514007 120173
21.7 -0.513568 120548
21.8 -0.513097 120954
21.9 -0.522329 115513
22 -0.521735 116003
22.1 -0.521115 116526
22.2 -0.520459 117083
22.3 -0.519742 117672
22.4 -0.518995 118295
22.5 -0.518186 118951
22.6 -0.517315 119640
22.7 -0.516415 120362
22.8 -0.515428 121117
22.9 -0.514332 121905
23 -0.513161 122727
23.1 -0.511873 123581
23.2 -0.510406 124469
23.3 -0.508744 125389
23.4 -0.506722 126343
23.5 -0.504233 127330
23.6 -0.500962 128350
23.7 -0.497003 129403
23.8 -0.495513 130489
23.9 -0.498249 131609
24 -0.496937 131384
24.1 -0.496323 131192
24.2 -0.496155 131032
24.3 -0.496183 130904
24.4 -0.496306 130809
24.5 -0.496402 130745
24.6 -0.496427 130713
24.7 -0.496414 130713
24.8 -0.496399 130746
24.9 -0.496348 130810
25 -0.496221 130906
25.1 -0.496043 131035
25.2 -0.495834 131196
25.3 -0.4956 131388
25.4 -0.495322 131613
25.5 -0.495009 131870
25.6 -0.494676 132159
25.7 -0.494302 132480
25.8 -0.493878 132833
25.9 -0.503845 126574
26 -0.503323 127010
26.1 -0.50274 127480
26.2 -0.502117 127983
26.3 -0.50143 128519
26.4 -0.500692 129090
26.5 -0.499908 129693
26.6 -0.499078 130330
26.7 -0.498217 131001
26.8 -0.497284 131705
26.9 -0.496249 132443
27 -0.495139 133214
27.1 -0.493905 134019
27.2 -0.49252 134857
27.3 -0.490924 135729
27.4 -0.489015 136635
27.5 -0.486663 137574
27.6 -0.483561 138546
27.7 -0.479848 139552
27.8 -0.47866 140591
27.9 -0.481494 141664
28 -0.480404 141395
28.1 -0.479777 141158
28.2 -0.479558 140954
28.3 -0.479592 140783
28.4 -0.479716 140643
28.5 -0.479779 140537
28.6 -0.479818 140462
28.7 -0.479855 140420
28.8 -0.479855 140411
28.9 -0.479845 140434
29 -0.479768 140490
29.1 -0.47963 140578
29.2 -0.479439 140699
29.3 -0.479226 140852
29.4 -0.478976 141037
29.5 -0.47872 141255
29.6 -0.478394 141506
29.7 -0.478061 141789
29.8 -0.477684 142104
29.9 -0.488389 135509
30 -0.487879 135908
