0 -0.529213 115154
0.1 -0.437479 178470
0.2 -0.37407 220983
0.3 -0.322722 264155
0.4 -0.248005 315690
0.5 -0.154273 363580
0.6 -0.0781043 374809
0.7 -0.0221192 390466
0.8 -0.0166252 394678
0.9 -0.0155465 398242
1 -0.0136506 396522
1.1 -0.0137408 390281
1.2 -0.016184 385796
1.3 -0.0195492 384062
1.4 -0.02135 368870
1.5 -0.0382306 1954.24
1.6 -0.11755 71.6739
1.7 -0.129876 72.6155
1.8 -0.147958 56.0738
1.9 -0.164601 50.7366
2 -0.375263 0
2.1 -0.375263 0
2.2 -0.375263 0
2.3 -0.375263 0
2.4 -0.375263 0
2.5 -0.375263 0
2.6 -0.375263 0
2.7 -0.375263 0
2.8 -0.375263 0
2.9 -0.375263 0
3 -0.375263 0
3.1 -0.375263 0
3.2 -0.375263 0
3.3 -0.375263 0
3.4 -0.375263 0
3.5 -0.375263 0
3.6 -0.375263 0
3.7 -0.375263 0
3.8 -0.375263 0
3.9 -0.375263 0
4 -0.375263 0
4.1 -0.20886 46.1206
4.2 -0.208829 46.0872
4.3 -0.208804 46.0617
4.4 -0.171803 68.135
4.5 -0.157339 62.2385
4.6 -0.0737964 77.611
4.7 -0.0112711 390267
4.8 -0.00924955 391775
4.9 -0.00751972 392544
5 -0.00675693 396525
5.1 -0.00724887 403035
5.2 -0.00880816 403243
5.3 -0.0104031 399202
5.4 -0.0291391 390768
5.5 -0.0880907 376688
5.6 -0.164719 360175
5.7 -0.256731 307236
5.8 -0.327439 256207
5.9 -0.379397 213908
6 -0.445965 170358
6.1 -0.547881 99971.6
6.2 -0.776298 15761.4
6.3 -0.509534 129345
6.4 -0.424953 186445
6.5 -0.365845 227734
6.6 -0.31264 272364
6.7 -0.232783 325343
6.8 -0.139355 367497
6.9 -0.0676685 376548
7 -0.0178714 392792
7.1 -0.0167872 395787
7.2 -0.0151218 398661
7.3 -0.0135148 396567
7.4 -0.0140843 389791
7.5 -0.0167765 385421
7.6 -0.0197826 380448
7.7 -0.0213316 357274
7.8 -0.061344 66.9509
7.9 -0.117865 71.0351
8 -0.129883 71.7013
8.1 -0.147077 56.0491
8.2 -0.163655 51.703
8.3 -0.375263 0
8.4 -0.375263 0
8.5 -0.375263 0
8.6 -0.375263 0
8.7 -0.375263 0
8.8 -0.375263 0
8.9 -0.375263 0
9 -0.375263 0
9.1 -0.375263 0
9.2 -0.375263 0
9.3 -0.375263 0
9.4 -0.375263 0
9.5 -0.375263 0
9.6 -0.375263 0
9.7 -0.375263 0
9.8 -0.375263 0
9.9 -0.375263 0
10 -0.375263 0
10.1 -0.375263 0
10.2 -0.375263 0
10.3 -0.375263 0
10.4 -0.208854 46.1144
10.5 -0.208824 46.0824
10.6 -0.2088 46.0581
10.7 -0.1718 68.1242
10.8 -0.14729 72.3909
10.9 -0.014318 256495
11 -0.0103863 371306
11.1 -0.00878469 387763
11.2 -0.00734041 394677
11.3 -0.00668059 398013
11.4 -0.00740533 402526
11.5 -0.00915855 402973
11.6 -0.0106591 398713
11.7 -0.0385073 387490
11.8 -0.0993225 375017
11.9 -0.180022 353467
12 -0.271633 297961
12.1 -0.336104 248674
12.2 -0.389323 207085
12.3 -0.459454 161307
12.4 -0.57659 81873.3
12.5 -0.669559 39914.5
12.6 -0.492767 141701
12.7 -0.413526 193931
12.8 -0.35702 234500
12.9 -0.301589 280792
13 -0.217018 335168
13.1 -0.125433 369867
13.2 -0.0576416 377984
13.3 -0.0147861 393886
13.4 -0.0169119 396830
13.5 -0.0146268 397818
13.6 -0.0133411 395210
13.7 -0.0144626 389441
13.8 -0.017332 385258
13.9 -0.0201269 381654
14 -0.0222887 343469
14.1 -0.0785178 68.2289
14.2 -0.118196 70.3388
14.3 -0.151195 57.6767
14.4 -0.16964 48.2947
14.5 -0.162946 52.8355
14.6 -0.375263 0
14.7 -0.375263 0
14.8 -0.375263 0
14.9 -0.375263 0
15 -0.375263 0
15.1 -0.375263 0
15.2 -0.375263 0
15.3 -0.375263 0
15.4 -0.375263 0
15.5 -0.375263 0
15.6 -0.375263 0
15.7 -0.375263 0
15.8 -0.375263 0
15.9 -0.375263 0
16 -0.375263 0
16.1 -0.375263 0
16.2 -0.375263 0
16.3 -0.375263 0
16.4 -0.375263 0
16.5 -0.375263 0
16.6 -0.375263 0
16.7 -0.208849 46.1085
16.8 -0.20882 46.0777
16.9 -0.208797 46.0548
17 -0.171797 68.1142
17.1 -0.141257 69.0489
17.2 -0.0136224 256480
17.3 -0.0104328 380529
17.4 -0.00852893 394208
17.5 -0.00707248 392549
17.6 -0.00671472 399919
17.7 -0.0076693 403154
17.8 -0.00949505 402580
17.9 -0.0104274 398704
18 -0.0471879 384094
18.1 -0.111501 373488
18.2 -0.194975 345310
18.3 -0.285029 289432
18.4 -0.344499 241028
18.5 -0.399383 200303
18.6 -0.474064 151385
18.7 -0.614259 61216.3
18.8 -0.615247 62124.7
18.9 -0.477687 152061
19 -0.402557 200957
19.1 -0.348634 242042
19.2 -0.289689 289350
19.3 -0.20107 344235
19.4 -0.112633 371451
19.5 -0.0475758 380834
19.6 -0.0158396 393806
19.7 -0.016787 397719
19.8 -0.0143602 397010
19.9 -0.0131958 393868
20 -0.0148635 388114
