0 -0.631874 844343
0.01 -0.631993 844337
0.02 -0.63211 844331
0.03 -0.632226 844326
0.04 -0.632339 844320
0.05 -0.63245 844314
0.06 -0.632558 844308
0.07 -0.632665 844302
0.08 -0.632769 844296
0.09 -0.632871 844290
0.1 -0.632971 844284
0.11 -0.633069 844278
0.12 -0.633163 844272
0.13 -0.633256 844266
0.14 -0.633346 844259
0.15 -0.633434 844253
0.16 -0.63352 844246
0.17 -0.633602 844240
0.18 -0.633683 844233
0.19 -0.633761 844226
0.2 -0.633837 844220
0.21 -0.63391 844213
0.22 -0.63398 844206
0.23 -0.634048 844199
0.24 -0.634113 844192
0.25 -0.634176 844185
0.26 -0.634237 844178
0.27 -0.634294 844170
0.28 -0.634349 844163
0.29 -0.634401 844156
0.3 -0.634451 844148
0.31 -0.634498 844141
0.32 -0.634542 844134
0.33 -0.634584 844126
0.34 -0.634622 844118
0.35 -0.634658 844111
0.36 -0.634691 844103
0.37 -0.634722 844095
0.38 -0.63475 844087
0.39 -0.634774 844080
0.4 -0.634797 844071
0.41 -0.634817 844064
0.42 -0.634834 844055
0.43 -0.634848 844047
0.44 -0.63486 844039
0.45 -0.634869 844031
0.46 -0.634876 844023
0.47 -0.634881 844014
0.48 -0.634882 844006
0.49 -0.634881 843997
0.5 -0.634878 843989
0.51 -0.634872 843980
0.52 -0.634863 843972
0.53 -0.634852 843963
0.54 -0.634838 843954
0.55 -0.634823 843945
0.56 -0.634805 843936
0.57 -0.634784 843928
0.58 -0.634761 843918
0.59 -0.634735 843910
0.6 -0.634708 843900
0.61 -0.634678 843891
0.62 -0.634645 843882
0.63 -0.634611 843873
0.64 -0.634573 843863
0.65 -0.634534 843854
0.66 -0.634492 843844
0.67 -0.634449 843835
0.68 -0.634403 843825
0.69 -0.634354 843816
0.7 -0.634304 843806
0.71 -0.634251 843797
0.72 -0.634195 843787
0.73 -0.634138 843777
0.74 -0.634078 843767
0.75 -0.634015 843757
0.76 -0.63395 843747
0.77 -0.633882 843737
0.78 -0.633812 843727
0.79 -0.63374 843717
0.8 -0.633665 843707
0.81 -0.633588 843697
0.82 -0.633509 843686
0.83 -0.633427 843676
0.84 -0.633343 843666
0.85 -0.633256 843655
0.86 -0.633168 843645
0.87 -0.633077 843634
0.88 -0.632984 843624
0.89 -0.632888 843613
0.9 -0.63279 843602
0.91 -0.63269 843591
0.92 -0.632588 843581
0.93 -0.632484 843570
0.94 -0.632378 843559
0.95 -0.63227 843548
0.96 -0.632159 843537
0.97 -0.632046 843525
0.98 -0.631931 843514
0.99 -0.631814 843503
1 -0.631695 843492
