0 -0.627925 844475
0.01 -0.610058 842269
0.02 -0.583934 839863
0.03 -0.55542 836470
0.04 -0.528828 833228
0.05 -0.505341 830612
0.06 -0.487028 827391
0.07 -0.47189 823922
0.08 -0.458898 820156
0.09 -0.446698 816671
0.1 -0.436 813505
0.11 -0.425837 810486
0.12 -0.416149 807343
0.13 -0.407568 804677
0.14 -0.398694 802253
0.15 -0.390517 799881
0.16 -0.382328 797490
0.17 -0.374373 795186
0.18 -0.366849 792879
0.19 -0.35944 790523
0.2 -0.352507 788069
0.21 -0.34566 785751
0.22 -0.338978 783407
0.23 -0.332505 780908
0.24 -0.32613 778390
0.25 -0.319699 775980
0.26 -0.313797 773555
0.27 -0.307785 770975
0.28 -0.301888 768454
0.29 -0.296319 765926
0.3 -0.290599 763022
0.31 -0.284215 760133
0.32 -0.278218 757258
0.33 -0.272359 753985
0.34 -0.266225 750767
0.35 -0.260491 747287
0.36 -0.254685 743529
0.37 -0.248668 739910
0.38 -0.242103 736299
0.39 -0.235325 733200
0.4 -0.227912 730525
0.41 -0.220288 728020
0.42 -0.212328 725712
0.43 -0.204208 723630
0.44 -0.19629 721814
0.45 -0.188398 720128
0.46 -0.180915 718547
0.47 -0.173751 716751
0.48 -0.166901 714922
0.49 -0.159557 713236
0.5 -0.152061 711642
0.51 -0.144267 710334
0.52 -0.136492 709201
0.53 -0.128734 708171
0.54 -0.12164 707328
0.55 -0.114602 706605
0.56 -0.107889 705982
0.57 -0.101384 705504
0.58 -0.0952364 705072
0.59 -0.0893308 704864
0.6 -0.0838421 704658
0.61 -0.0782112 704579
0.62 -0.0730461 704662
0.63 -0.0678679 704616
0.64 -0.0630566 704661
0.65 -0.0583204 704691
0.66 -0.0536746 704680
0.67 -0.0491179 704702
0.68 -0.0445484 704717
0.69 -0.0402616 704582
0.7 -0.0363957 704235
0.71 -0.0325011 704068
0.72 -0.0283292 703969
0.73 -0.0234334 703793
0.74 -0.0188214 703340
0.75 -0.0141261 703093
0.76 -0.0103388 703008
0.77 -0.00760998 703057
0.78 -0.00545082 703730
0.79 -0.00337516 704296
0.8 -0.00206666 704856
0.81 -0.0017967 705498
0.82 -0.0018237 706171
0.83 -0.00184369 706644
0.84 -0.00190953 707107
0.85 -0.0019209 707624
0.86 -0.00191389 708158
0.87 -0.00189136 708831
0.88 -0.00194851 709226
0.89 -0.0020964 709691
0.9 -0.00208086 710551
0.91 -0.00211013 711146
0.92 -0.00229877 711522
0.93 -0.0023922 712281
0.94 -0.00252043 713379
0.95 -0.0025747 714066
0.96 -0.00265782 714668
0.97 -0.00271648 715436
0.98 -0.00271613 716001
0.99 -0.00296918 717251
1 -0.00303735 717656
