0 -0.354085 844475
0.01 -0.345072 842269
0.02 -0.330505 839863
0.03 -0.315901 836470
0.04 -0.303996 833228
0.05 -0.293279 830612
0.06 -0.284547 827391
0.07 -0.277897 823922
0.08 -0.271865 820156
0.09 -0.265447 816671
0.1 -0.259327 813505
0.11 -0.253504 810486
0.12 -0.247701 807343
0.13 -0.242027 804677
0.14 -0.236369 802253
0.15 -0.230742 799881
0.16 -0.225209 797490
0.17 -0.219719 795186
0.18 -0.21456 792879
0.19 -0.209512 790523
0.2 -0.204644 788069
0.21 -0.199943 785751
0.22 -0.195409 783407
0.23 -0.190702 780908
0.24 -0.186038 778390
0.25 -0.181523 775980
0.26 -0.176836 773555
0.27 -0.172246 770975
0.28 -0.167754 768454
0.29 -0.163192 765926
0.3 -0.158638 763022
0.31 -0.154068 760133
0.32 -0.149365 757258
0.33 -0.144707 753985
0.34 -0.139998 750767
0.35 -0.135341 747287
0.36 -0.130633 743529
0.37 -0.125771 739910
0.38 -0.120714 736299
0.39 -0.115506 733200
0.4 -0.110257 730525
0.41 -0.104859 728020
0.42 -0.0994862 725712
0.43 -0.0940737 723630
0.44 -0.0887816 721814
0.45 -0.083438 720128
0.46 -0.0782068 718547
0.47 -0.0730509 716751
0.48 -0.0680509 714922
0.49 -0.0632242 713236
0.5 -0.0585725 711642
0.51 -0.0541394 710334
0.52 -0.0498684 709201
0.53 -0.0458271 708171
0.54 -0.0419172 707328
0.55 -0.0381698 706605
0.56 -0.0346153 705982
0.57 -0.0312195 705504
0.58 -0.028024 705072
0.59 -0.0250142 704864
0.6 -0.02228 704658
0.61 -0.019743 704579
0.62 -0.0173938 704662
0.63 -0.0151764 704616
0.64 -0.0130882 704661
0.65 -0.0110645 704691
0.66 -0.00903339 704680
0.67 -0.00707556 704702
0.68 -0.00523368 704717
0.69 -0.00360705 704582
0.7 -0.00230573 704235
0.71 -0.00134723 704068
0.72 -0.000745541 703969
0.73 -0.000451629 703793
0.74 -0.000281242 703340
0.75 -0.00017201 703093
0.76 -0.000105774 703008
0.77 -6.6777e-05 703057
0.78 -3.68392e-05 703730
0.79 -1.91698e-05 704296
0.8 -1.27777e-05 704856
0.81 -1.04368e-05 705498
0.82 -9.2994e-06 706171
0.83 -8.76486e-06 706644
0.84 -8.76934e-06 707107
0.85 -7.44842e-06 707624
0.86 -6.06707e-06 708158
0.87 -6.17382e-06 708831
0.88 -7.57577e-06 709226
0.89 -6.35783e-06 709691
0.9 -5.24336e-06 710551
0.91 -5.24584e-06 711146
0.92 -7.55927e-06 711522
0.93 -9.42611e-06 712281
0.94 -8.67276e-06 713379
0.95 -9.74092e-06 714066
0.96 -1.13673e-05 714668
0.97 -8.99379e-06 715436
0.98 -8.81754e-06 716001
0.99 -1.02719e-05 717251
1 -9.81804e-06 717656
