0 -0 844343
0.01 -0 844337
0.02 -0 844331
0.03 -0 844326
0.04 -0 844320
0.05 -0 844314
0.06 -0 844308
0.07 -0 844302
0.08 -0 844296
0.09 -0 844290
0.1 -0 844284
0.11 -0 844278
0.12 -0 844272
0.13 -0 844266
0.14 -0 844259
0.15 -0 844253
0.16 -0 844246
0.17 -0 844240
0.18 -0 844233
0.19 -0 844226
0.2 -0 844220
0.21 -0 844213
0.22 -0 844206
0.23 -0 844199
0.24 -0 844192
0.25 -0 844185
0.26 -0 844178
0.27 -0 844170
0.28 -0 844163
0.29 -0 844156
0.3 -0 844148
0.31 -0 844141
0.32 -0 844134
0.33 -0 844126
0.34 -0 844118
0.35 -0 844111
0.36 -0 844103
0.37 -0 844095
0.38 -0 844087
0.39 -0 844080
0.4 -0 844071
0.41 -0 844064
0.42 -0 844055
0.43 -0 844047
0.44 -0 844039
0.45 -0 844031
0.46 -0 844023
0.47 -0 844014
0.48 -0 844006
0.49 -0 843997
0.5 -0 843989
0.51 -0 843980
0.52 -0 843972
0.53 -0 843963
0.54 -0 843954
0.55 -0 843945
0.56 -0 843936
0.57 -0 843928
0.58 -0 843918
0.59 -0 843910
0.6 -0 843900
0.61 -0 843891
0.62 -0 843882
0.63 -0 843873
0.64 -0 843863
0.65 -0 843854
0.66 -0 843844
0.67 -0 843835
0.68 -0 843825
0.69 -0 843816
0.7 -0 843806
0.71 -0 843797
0.72 -0 843787
0.73 -0 843777
0.74 -0 843767
0.75 -0 843757
0.76 -0 843747
0.77 -0 843737
0.78 -0 843727
0.79 -0 843717
0.8 -0 843707
0.81 -0 843697
0.82 -0 843686
0.83 -0 843676
0.84 -0 843666
0.85 -0 843655
0.86 -0 843645
0.87 -0 843634
0.88 -0 843624
0.89 -0 843613
0.9 -0 843602
0.91 -0 843591
0.92 -0 843581
0.93 -0 843570
0.94 -0 843559
0.95 -0 843548
0.96 -0 843537
0.97 -0 843525
0.98 -0 843514
0.99 -0 843503
1 -0 843492
