0 -0.660006 844475
0.01 -0.643048 842269
0.02 -0.617241 839863
0.03 -0.587958 836470
0.04 -0.560657 833228
0.05 -0.535881 830612
0.06 -0.516788 827391
0.07 -0.500724 823922
0.08 -0.48695 820156
0.09 -0.474467 816671
0.1 -0.463107 813505
0.11 -0.45249 810486
0.12 -0.442411 807343
0.13 -0.43318 804677
0.14 -0.423679 802253
0.15 -0.414962 799881
0.16 -0.406342 797490
0.17 -0.397894 795186
0.18 -0.390086 792879
0.19 -0.382301 790523
0.2 -0.37498 788069
0.21 -0.367795 785751
0.22 -0.361102 783407
0.23 -0.354369 780908
0.24 -0.347774 778390
0.25 -0.341158 775980
0.26 -0.335061 773555
0.27 -0.328842 770975
0.28 -0.322698 768454
0.29 -0.317012 765926
0.3 -0.310885 763022
0.31 -0.304355 760133
0.32 -0.298162 757258
0.33 -0.292003 753985
0.34 -0.285629 750767
0.35 -0.279805 747287
0.36 -0.273676 743529
0.37 -0.267693 739910
0.38 -0.261016 736299
0.39 -0.254288 733200
0.4 -0.246969 730525
0.41 -0.239125 728020
0.42 -0.231322 725712
0.43 -0.223243 723630
0.44 -0.215165 721814
0.45 -0.207172 720128
0.46 -0.199283 718547
0.47 -0.191777 716751
0.48 -0.184399 714922
0.49 -0.176645 713236
0.5 -0.168914 711642
0.51 -0.160918 710334
0.52 -0.152739 709201
0.53 -0.144321 708171
0.54 -0.137252 707328
0.55 -0.130014 706605
0.56 -0.122953 705982
0.57 -0.115865 705504
0.58 -0.109152 705072
0.59 -0.102635 704864
0.6 -0.0967356 704658
0.61 -0.0904721 704579
0.62 -0.0848533 704662
0.63 -0.079475 704616
0.64 -0.0743431 704661
0.65 -0.069714 704691
0.66 -0.065311 704680
0.67 -0.0605084 704702
0.68 -0.0556776 704717
0.69 -0.0513288 704582
0.7 -0.0474831 704235
0.71 -0.0431079 704068
0.72 -0.0389343 703969
0.73 -0.0341197 703793
0.74 -0.0291116 703340
0.75 -0.0241888 703093
0.76 -0.0193767 703008
0.77 -0.0155534 703057
0.78 -0.0126232 703730
0.79 -0.0100003 704296
0.8 -0.00753576 704856
0.81 -0.00677438 705498
0.82 -0.00701556 706171
0.83 -0.0067985 706644
0.84 -0.0069461 707107
0.85 -0.0071784 707624
0.86 -0.00712979 708158
0.87 -0.00708709 708831
0.88 -0.00714756 709226
0.89 -0.00774566 709691
0.9 -0.00782691 710551
0.91 -0.00774929 711146
0.92 -0.00827265 711522
0.93 -0.00845524 712281
0.94 -0.00893104 713379
0.95 -0.00918251 714066
0.96 -0.00917411 714668
0.97 -0.00937599 715436
0.98 -0.00945159 716001
0.99 -0.0102147 717251
1 -0.0107284 717656
