0 -0.510969 844475
0.01 -0.497628 842269
0.02 -0.475732 839863
0.03 -0.452964 836470
0.04 -0.432292 833228
0.05 -0.414359 830612
0.06 -0.400143 827391
0.07 -0.388894 823922
0.08 -0.379225 820156
0.09 -0.369679 816671
0.1 -0.361316 813505
0.11 -0.353314 810486
0.12 -0.345563 807343
0.13 -0.338141 804677
0.14 -0.330774 802253
0.15 -0.323422 799881
0.16 -0.316195 797490
0.17 -0.30934 795186
0.18 -0.302768 792879
0.19 -0.296215 790523
0.2 -0.290159 788069
0.21 -0.284143 785751
0.22 -0.278307 783407
0.23 -0.272385 780908
0.24 -0.266635 778390
0.25 -0.260838 775980
0.26 -0.255121 773555
0.27 -0.2494 770975
0.28 -0.243872 768454
0.29 -0.238411 765926
0.3 -0.232854 763022
0.31 -0.227086 760133
0.32 -0.221311 757258
0.33 -0.215762 753985
0.34 -0.210081 750767
0.35 -0.20457 747287
0.36 -0.199078 743529
0.37 -0.193304 739910
0.38 -0.187212 736299
0.39 -0.180515 733200
0.4 -0.173689 730525
0.41 -0.166479 728020
0.42 -0.159284 725712
0.43 -0.152031 723630
0.44 -0.144898 721814
0.45 -0.137904 720128
0.46 -0.130951 718547
0.47 -0.124288 716751
0.48 -0.117878 714922
0.49 -0.111267 713236
0.5 -0.104629 711642
0.51 -0.0980669 710334
0.52 -0.0915818 709201
0.53 -0.0853509 708171
0.54 -0.0794101 707328
0.55 -0.073877 706605
0.56 -0.0686394 705982
0.57 -0.0638105 705504
0.58 -0.0591851 705072
0.59 -0.0547922 704864
0.6 -0.0507288 704658
0.61 -0.0469522 704579
0.62 -0.0433375 704662
0.63 -0.0397561 704616
0.64 -0.0361267 704661
0.65 -0.0325024 704691
0.66 -0.0289364 704680
0.67 -0.0251856 704702
0.68 -0.021308 704717
0.69 -0.017591 704582
0.7 -0.0142904 704235
0.71 -0.0111555 704068
0.72 -0.008058 703969
0.73 -0.00540136 703793
0.74 -0.00346154 703340
0.75 -0.00212191 703093
0.76 -0.00134085 703008
0.77 -0.000843587 703057
0.78 -0.000429993 703730
0.79 -0.000184254 704296
0.8 -0.000101409 704856
0.81 -8.07359e-05 705498
0.82 -7.68679e-05 706171
0.83 -8.47584e-05 706644
0.84 -9.54971e-05 707107
0.85 -9.88239e-05 707624
0.86 -0.000100598 708158
0.87 -0.000106067 708831
0.88 -0.000116161 709226
0.89 -0.000119199 709691
0.9 -0.000113071 710551
0.91 -0.000118254 711146
0.92 -0.000141033 711522
0.93 -0.000149193 712281
0.94 -0.000147546 713379
0.95 -0.000165513 714066
0.96 -0.000191995 714668
0.97 -0.000180824 715436
0.98 -0.000194066 716001
0.99 -0.000209718 717251
1 -0.000189214 717656
