0 -0 844475
0.01 -0 842269
0.02 -0 839863
0.03 -0 836470
0.04 -0 833228
0.05 -0 830612
0.06 -0 827391
0.07 -0 823922
0.08 -0 820156
0.09 -0 816671
0.1 -0 813505
0.11 -0 810486
0.12 -0 807343
0.13 -0 804677
0.14 -0 802253
0.15 -0 799881
0.16 -0 797490
0.17 -0 795186
0.18 -0 792879
0.19 -0 790523
0.2 -0 788069
0.21 -0 785751
0.22 -0 783407
0.23 -0 780908
0.24 -0 778390
0.25 -0 775980
0.26 -0 773555
0.27 -0 770975
0.28 -0 768454
0.29 -0 765926
0.3 -0 763022
0.31 -0 760133
0.32 -0 757258
0.33 -0 753985
0.34 -0 750767
0.35 -0 747287
0.36 -0 743529
0.37 -0 739910
0.38 -0 736299
0.39 -0 733200
0.4 -0 730525
0.41 -0 728020
0.42 -0 725712
0.43 -0 723630
0.44 -0 721814
0.45 -0 720128
0.46 -0 718547
0.47 -0 716751
0.48 -0 714922
0.49 -0 713236
0.5 -0 711642
0.51 -0 710334
0.52 -0 709201
0.53 -0 708171
0.54 -0 707328
0.55 -0 706605
0.56 -0 705982
0.57 -0 705504
0.58 -0 705072
0.59 -0 704864
0.6 -0 704658
0.61 -0 704579
0.62 -0 704662
0.63 -0 704616
0.64 -0 704661
0.65 -0 704691
0.66 -0 704680
0.67 -0 704702
0.68 -0 704717
0.69 -0 704582
0.7 -0 704235
0.71 -0 704068
0.72 -0 703969
0.73 -0 703793
0.74 -0 703340
0.75 -0 703093
0.76 -0 703008
0.77 -0 703057
0.78 -0 703730
0.79 -0 704296
0.8 -0 704856
0.81 -0 705498
0.82 -0 706171
0.83 -0 706644
0.84 -0 707107
0.85 -0 707624
0.86 -0 708158
0.87 -0 708831
0.88 -0 709226
0.89 -0 709691
0.9 -0 710551
0.91 -0 711146
0.92 -0 711522
0.93 -0 712281
0.94 -0 713379
0.95 -0 714066
0.96 -0 714668
0.97 -0 715436
0.98 -0 716001
0.99 -0 717251
1 -0 717656
