0 -0.689449 844475
0.01 -0.671278 842269
0.02 -0.646558 839863
0.03 -0.618379 836470
0.04 -0.591891 833228
0.05 -0.567163 830612
0.06 -0.547702 827391
0.07 -0.530791 823922
0.08 -0.515697 820156
0.09 -0.502091 816671
0.1 -0.489527 813505
0.11 -0.478321 810486
0.12 -0.467585 807343
0.13 -0.457553 804677
0.14 -0.447215 802253
0.15 -0.43792 799881
0.16 -0.428737 797490
0.17 -0.419877 795186
0.18 -0.411827 792879
0.19 -0.403584 790523
0.2 -0.395897 788069
0.21 -0.388383 785751
0.22 -0.381413 783407
0.23 -0.37437 780908
0.24 -0.367663 778390
0.25 -0.360912 775980
0.26 -0.354464 773555
0.27 -0.348063 770975
0.28 -0.341473 768454
0.29 -0.335341 765926
0.3 -0.328829 763022
0.31 -0.321979 760133
0.32 -0.315431 757258
0.33 -0.308812 753985
0.34 -0.302063 750767
0.35 -0.295747 747287
0.36 -0.289147 743529
0.37 -0.282867 739910
0.38 -0.275822 736299
0.39 -0.268791 733200
0.4 -0.261505 730525
0.41 -0.253554 728020
0.42 -0.246169 725712
0.43 -0.238419 723630
0.44 -0.230546 721814
0.45 -0.22289 720128
0.46 -0.215033 718547
0.47 -0.207672 716751
0.48 -0.200478 714922
0.49 -0.192855 713236
0.5 -0.185413 711642
0.51 -0.177666 710334
0.52 -0.169899 709201
0.53 -0.161424 708171
0.54 -0.154745 707328
0.55 -0.147571 706605
0.56 -0.14073 705982
0.57 -0.134019 705504
0.58 -0.127594 705072
0.59 -0.120946 704864
0.6 -0.115281 704658
0.61 -0.109062 704579
0.62 -0.103347 704662
0.63 -0.0977929 704616
0.64 -0.0921936 704661
0.65 -0.0870238 704691
0.66 -0.082178 704680
0.67 -0.076644 704702
0.68 -0.0714185 704717
0.69 -0.066351 704582
0.7 -0.0612173 704235
0.71 -0.0557759 704068
0.72 -0.0504618 703969
0.73 -0.044961 703793
0.74 -0.0393292 703340
0.75 -0.0343568 703093
0.76 -0.0290669 703008
0.77 -0.0249592 703057
0.78 -0.0214465 703730
0.79 -0.0188481 704296
0.8 -0.0153894 704856
0.81 -0.0143848 705498
0.82 -0.0150855 706171
0.83 -0.0147234 706644
0.84 -0.0151602 707107
0.85 -0.0157512 707624
0.86 -0.0157438 708158
0.87 -0.0159741 708831
0.88 -0.0159016 709226
0.89 -0.0172201 709691
0.9 -0.0174911 710551
0.91 -0.0171778 711146
0.92 -0.0181179 711522
0.93 -0.0187228 712281
0.94 -0.0199656 713379
0.95 -0.021031 714066
0.96 -0.0207604 714668
0.97 -0.0215982 715436
0.98 -0.0221207 716001
0.99 -0.0230502 717251
1 -0.0241511 717656
