0 -0.693062 844343
0.01 -0.693191 844337
0.02 -0.693319 844331
0.03 -0.693442 844326
0.04 -0.693559 844320
0.05 -0.693672 844314
0.06 -0.693783 844308
0.07 -0.69389 844302
0.08 -0.693994 844296
0.09 -0.694096 844290
0.1 -0.694196 844284
0.11 -0.694295 844278
0.12 -0.694392 844272
0.13 -0.694486 844266
0.14 -0.694577 844259
0.15 -0.694666 844253
0.16 -0.694752 844246
0.17 -0.694836 844240
0.18 -0.694922 844233
0.19 -0.695006 844226
0.2 -0.69509 844220
0.21 -0.695172 844213
0.22 -0.695252 844206
0.23 -0.695329 844199
0.24 -0.695405 844192
0.25 -0.695478 844185
0.26 -0.695548 844178
0.27 -0.695613 844170
0.28 -0.695673 844163
0.29 -0.695729 844156
0.3 -0.69578 844148
0.31 -0.695828 844141
0.32 -0.695872 844134
0.33 -0.695913 844126
0.34 -0.695952 844118
0.35 -0.695989 844111
0.36 -0.696025 844103
0.37 -0.696059 844095
0.38 -0.696089 844087
0.39 -0.696116 844080
0.4 -0.696144 844071
0.41 -0.696167 844064
0.42 -0.696189 844055
0.43 -0.696209 844047
0.44 -0.696228 844039
0.45 -0.696246 844031
0.46 -0.696261 844023
0.47 -0.696272 844014
0.48 -0.69628 844006
0.49 -0.696284 843997
0.5 -0.696285 843989
0.51 -0.69628 843980
0.52 -0.696269 843972
0.53 -0.696251 843963
0.54 -0.696229 843954
0.55 -0.696206 843945
0.56 -0.696182 843936
0.57 -0.696157 843928
0.58 -0.696134 843918
0.59 -0.696112 843910
0.6 -0.696087 843900
0.61 -0.696055 843891
0.62 -0.696016 843882
0.63 -0.695975 843873
0.64 -0.69593 843863
0.65 -0.695882 843854
0.66 -0.695831 843844
0.67 -0.695779 843835
0.68 -0.695724 843825
0.69 -0.69567 843816
0.7 -0.695614 843806
0.71 -0.695556 843797
0.72 -0.695494 843787
0.73 -0.695429 843777
0.74 -0.695362 843767
0.75 -0.695292 843757
0.76 -0.695217 843747
0.77 -0.695139 843737
0.78 -0.695056 843727
0.79 -0.69497 843717
0.8 -0.694883 843707
0.81 -0.694796 843697
0.82 -0.694709 843686
0.83 -0.694619 843676
0.84 -0.694528 843666
0.85 -0.694431 843655
0.86 -0.694331 843645
0.87 -0.694229 843634
0.88 -0.694122 843624
0.89 -0.694014 843613
0.9 -0.693907 843602
0.91 -0.693798 843591
0.92 -0.693686 843581
0.93 -0.693571 843570
0.94 -0.693454 843559
0.95 -0.693338 843548
0.96 -0.693223 843537
0.97 -0.693106 843525
0.98 -0.692984 843514
0.99 -0.692857 843503
1 -0.69273 843492
