0 -0.662153 844343
0.01 -0.662285 844337
0.02 -0.662415 844331
0.03 -0.662543 844326
0.04 -0.662668 844320
0.05 -0.662791 844314
0.06 -0.662912 844308
0.07 -0.66303 844302
0.08 -0.663146 844296
0.09 -0.66326 844290
0.1 -0.663371 844284
0.11 -0.663479 844278
0.12 -0.663584 844272
0.13 -0.663688 844266
0.14 -0.663788 844259
0.15 -0.663886 844253
0.16 -0.663982 844246
0.17 -0.664075 844240
0.18 -0.664166 844233
0.19 -0.664254 844226
0.2 -0.66434 844220
0.21 -0.664423 844213
0.22 -0.664504 844206
0.23 -0.664583 844199
0.24 -0.664658 844192
0.25 -0.664732 844185
0.26 -0.664801 844178
0.27 -0.664868 844170
0.28 -0.664932 844163
0.29 -0.664992 844156
0.3 -0.66505 844148
0.31 -0.665104 844141
0.32 -0.665155 844134
0.33 -0.665203 844126
0.34 -0.665248 844118
0.35 -0.665291 844111
0.36 -0.66533 844103
0.37 -0.665366 844095
0.38 -0.665399 844087
0.39 -0.665429 844080
0.4 -0.665456 844071
0.41 -0.66548 844064
0.42 -0.665501 844055
0.43 -0.665519 844047
0.44 -0.665534 844039
0.45 -0.665546 844031
0.46 -0.665555 844023
0.47 -0.665562 844014
0.48 -0.665567 844006
0.49 -0.665568 843997
0.5 -0.665566 843989
0.51 -0.665562 843980
0.52 -0.665554 843972
0.53 -0.665543 843963
0.54 -0.665529 843954
0.55 -0.665513 843945
0.56 -0.665493 843936
0.57 -0.66547 843928
0.58 -0.665445 843918
0.59 -0.665416 843910
0.6 -0.665386 843900
0.61 -0.665351 843891
0.62 -0.665314 843882
0.63 -0.665275 843873
0.64 -0.665232 843863
0.65 -0.665186 843854
0.66 -0.665138 843844
0.67 -0.665087 843835
0.68 -0.665034 843825
0.69 -0.664978 843816
0.7 -0.664919 843806
0.71 -0.664858 843797
0.72 -0.664794 843787
0.73 -0.664728 843777
0.74 -0.664659 843767
0.75 -0.664587 843757
0.76 -0.664512 843747
0.77 -0.664434 843737
0.78 -0.664354 843727
0.79 -0.66427 843717
0.8 -0.664184 843707
0.81 -0.664095 843697
0.82 -0.664004 843686
0.83 -0.66391 843676
0.84 -0.663813 843666
0.85 -0.663714 843655
0.86 -0.663612 843645
0.87 -0.663508 843634
0.88 -0.663401 843624
0.89 -0.663292 843613
0.9 -0.663181 843602
0.91 -0.663068 843591
0.92 -0.662953 843581
0.93 -0.662835 843570
0.94 -0.662715 843559
0.95 -0.662593 843548
0.96 -0.662468 843537
0.97 -0.662342 843525
0.98 -0.662213 843514
0.99 -0.662081 843503
1 -0.661948 843492
