0 -0.51659 844343
0.01 -0.516678 844337
0.02 -0.516764 844331
0.03 -0.516849 844326
0.04 -0.516932 844320
0.05 -0.517013 844314
0.06 -0.517093 844308
0.07 -0.517171 844302
0.08 -0.517247 844296
0.09 -0.517322 844290
0.1 -0.517395 844284
0.11 -0.517466 844278
0.12 -0.517536 844272
0.13 -0.517604 844266
0.14 -0.51767 844259
0.15 -0.517734 844253
0.16 -0.517797 844246
0.17 -0.517858 844240
0.18 -0.517917 844233
0.19 -0.517974 844226
0.2 -0.51803 844220
0.21 -0.518083 844213
0.22 -0.518135 844206
0.23 -0.518185 844199
0.24 -0.518233 844192
0.25 -0.51828 844185
0.26 -0.518324 844178
0.27 -0.518367 844170
0.28 -0.518408 844163
0.29 -0.518447 844156
0.3 -0.518484 844148
0.31 -0.51852 844141
0.32 -0.518554 844134
0.33 -0.518586 844126
0.34 -0.518616 844118
0.35 -0.518645 844111
0.36 -0.518671 844103
0.37 -0.518696 844095
0.38 -0.518719 844087
0.39 -0.51874 844080
0.4 -0.51876 844071
0.41 -0.518778 844064
0.42 -0.518794 844055
0.43 -0.518808 844047
0.44 -0.518821 844039
0.45 -0.518831 844031
0.46 -0.51884 844023
0.47 -0.518848 844014
0.48 -0.518853 844006
0.49 -0.518857 843997
0.5 -0.51886 843989
0.51 -0.51886 843980
0.52 -0.518859 843972
0.53 -0.518857 843963
0.54 -0.518852 843954
0.55 -0.518846 843945
0.56 -0.518838 843936
0.57 -0.518829 843928
0.58 -0.518818 843918
0.59 -0.518806 843910
0.6 -0.518792 843900
0.61 -0.518776 843891
0.62 -0.518759 843882
0.63 -0.51874 843873
0.64 -0.518719 843863
0.65 -0.518696 843854
0.66 -0.518672 843844
0.67 -0.518647 843835
0.68 -0.518619 843825
0.69 -0.51859 843816
0.7 -0.51856 843806
0.71 -0.518527 843797
0.72 -0.518493 843787
0.73 -0.518457 843777
0.74 -0.51842 843767
0.75 -0.518381 843757
0.76 -0.51834 843747
0.77 -0.518297 843737
0.78 -0.518253 843727
0.79 -0.518207 843717
0.8 -0.51816 843707
0.81 -0.51811 843697
0.82 -0.518059 843686
0.83 -0.518006 843676
0.84 -0.517952 843666
0.85 -0.517896 843655
0.86 -0.517838 843645
0.87 -0.517779 843634
0.88 -0.517717 843624
0.89 -0.517654 843613
0.9 -0.51759 843602
0.91 -0.517524 843591
0.92 -0.517456 843581
0.93 -0.517387 843570
0.94 -0.517316 843559
0.95 -0.517244 843548
0.96 -0.51717 843537
0.97 -0.517094 843525
0.98 -0.517017 843514
0.99 -0.516939 843503
1 -0.516859 843492
