0 -0.361631 844343
0.01 -0.361665 844337
0.02 -0.361698 844331
0.03 -0.36173 844326
0.04 -0.361762 844320
0.05 -0.361793 844314
0.06 -0.361823 844308
0.07 -0.361852 844302
0.08 -0.361881 844296
0.09 -0.361909 844290
0.1 -0.361936 844284
0.11 -0.361963 844278
0.12 -0.361988 844272
0.13 -0.362014 844266
0.14 -0.362038 844259
0.15 -0.362061 844253
0.16 -0.362084 844246
0.17 -0.362106 844240
0.18 -0.362128 844233
0.19 -0.362149 844226
0.2 -0.362169 844220
0.21 -0.362188 844213
0.22 -0.362206 844206
0.23 -0.362224 844199
0.24 -0.362241 844192
0.25 -0.362258 844185
0.26 -0.362273 844178
0.27 -0.362288 844170
0.28 -0.362302 844163
0.29 -0.362315 844156
0.3 -0.362328 844148
0.31 -0.362339 844141
0.32 -0.36235 844134
0.33 -0.362361 844126
0.34 -0.36237 844118
0.35 -0.362379 844111
0.36 -0.362387 844103
0.37 -0.362394 844095
0.38 -0.362401 844087
0.39 -0.362407 844080
0.4 -0.362412 844071
0.41 -0.362416 844064
0.42 -0.36242 844055
0.43 -0.362423 844047
0.44 -0.362425 844039
0.45 -0.362427 844031
0.46 -0.362428 844023
0.47 -0.362428 844014
0.48 -0.362427 844006
0.49 -0.362426 843997
0.5 -0.362424 843989
0.51 -0.362421 843980
0.52 -0.362418 843972
0.53 -0.362414 843963
0.54 -0.362409 843954
0.55 -0.362404 843945
0.56 -0.362398 843936
0.57 -0.362391 843928
0.58 -0.362384 843918
0.59 -0.362376 843910
0.6 -0.362367 843900
0.61 -0.362357 843891
0.62 -0.362347 843882
0.63 -0.362336 843873
0.64 -0.362325 843863
0.65 -0.362313 843854
0.66 -0.3623 843844
0.67 -0.362286 843835
0.68 -0.362272 843825
0.69 -0.362257 843816
0.7 -0.362241 843806
0.71 -0.362225 843797
0.72 -0.362208 843787
0.73 -0.362191 843777
0.74 -0.362172 843767
0.75 -0.362153 843757
0.76 -0.362134 843747
0.77 -0.362113 843737
0.78 -0.362092 843727
0.79 -0.362071 843717
0.8 -0.362048 843707
0.81 -0.362025 843697
0.82 -0.362002 843686
0.83 -0.361977 843676
0.84 -0.361952 843666
0.85 -0.361927 843655
0.86 -0.3619 843645
0.87 -0.361873 843634
0.88 -0.361846 843624
0.89 -0.361817 843613
0.9 -0.361788 843602
0.91 -0.361758 843591
0.92 -0.361728 843581
0.93 -0.361696 843570
0.94 -0.361665 843559
0.95 -0.361632 843548
0.96 -0.361599 843537
0.97 -0.361565 843525
0.98 -0.36153 843514
0.99 -0.361495 843503
1 -0.361459 843492
